                    0.01                     0.055618987
                 0.10999                       0.6828738
                 0.20998                       1.2961595
                 0.30997                        1.895282
                 0.40996                       2.4800853
                 0.50995                       3.0504486
                 0.60994                       3.6062965
                 0.70993                        4.147579
                 0.80992                       4.6742587
                 0.90991                       5.1863151
                  1.0099                       5.6837422
                 1.10989                       6.2430194
                 1.20988                       6.8014096
                 1.30987                       7.3589126
                 1.40986                       7.9155337
                 1.50985                       8.4712833
                 1.60984                       9.0261753
                 1.70983                       9.5802265
                 1.80982                       10.133456
                 1.90981                       10.685885
                  2.0098                       11.237536
                 2.10979                       11.788431
                 2.20978                       12.338594
                 2.30977                       12.888048
                 2.40976                       13.436818
                 2.50975                       13.984927
                 2.60974                       14.532399
                 2.70973                       15.079256
                 2.80972                       15.625521
                 2.90971                       16.171217
                  3.0097                       16.716365
                 3.10969                       17.260985
                 3.20968                       17.805099
                 3.30967                       18.348726
                 3.40966                       18.895829
                 3.50965                       19.442711
                 3.60964                       19.989391
                 3.70963                       20.535888
                 3.80962                       21.082216
                 3.90961                       21.628394
                  4.0096                       22.174437
                 4.10959                       22.720361
                 4.20958                       23.266181
                 4.30957                       23.811912
                 4.40956                       24.357567
                 4.50955                        24.90316
                 4.60954                       25.448706
                 4.70953                       25.994217
                 4.80952                       26.539706
                 4.90951                       27.085186
                  5.0095                       27.630668
                 5.10949                       28.176165
                 5.20948                       28.721688
                 5.30947                       29.267248
                 5.40946                       29.812857
                 5.50945                       30.358525
                 5.60944                       30.904263
                 5.70943                       31.450082
                 5.80942                       31.995991
                 5.90941                          32.542
                  6.0094                       33.088121
                 6.10939                       33.634361
                 6.20938                       34.180731
                 6.30937                       34.727241
                 6.40936                       35.273899
                 6.50935                       35.820714
                 6.60934                       36.367696
                 6.70933                       36.914853
                 6.80932                       37.462195
                 6.90931                       38.009729
                  7.0093                       38.557465
                 7.10929                        39.10541
                 7.20928                       39.653574
                 7.30927                       40.201965
                 7.40926                        40.75059
                 7.50925                       41.299458
                 7.60924                       41.848578
                 7.70923                       42.397956
                 7.80922                       42.947602
                 7.90921                       43.497522
                  8.0092                       44.047726
                 8.10919                        44.59822
                 8.20918                       45.149013
                 8.30917                       45.700112
                 8.40916                       46.251524
                 8.50915                       46.803259
                 8.60914                       47.355322
                 8.70913                       47.907722
                 8.80912                       48.460466
                 8.90911                       49.013563
                  9.0091                       49.567018
                 9.10909                        50.12084
                 9.20908                       50.675037
                 9.30907                       51.229615
                 9.40906                       51.784583
                 9.50905                       52.339946
                 9.60904                       52.897404
                 9.70903                       53.455308
                 9.80902                       54.013667
                 9.90901                       54.572488
                  10.009                       55.131778
                10.10899                       55.691545
                10.20898                       56.251796
                10.30897                       56.812538
                10.40896                       57.373779
                10.50895                       57.935526
                10.60894                       58.497786
                10.70893                       59.060568
                10.80892                       59.623878
                10.90891                       60.187724
                 11.0089                       60.752113
                11.10889                       61.317052
                11.20888                        61.88255
                11.30887                       62.448613
                11.40886                       63.015248
                11.50885                       63.582464
                11.60884                       64.150268
                11.70883                       64.718667
                11.80882                       65.287668
                11.90881                       65.857279
                 12.0088                       66.427509
                12.10879                       66.998363
                12.20878                        67.56985
                12.30877                       68.141976
                12.40876                       68.714751
                12.50875                       69.288181
                12.60874                       69.862274
                12.70873                       70.437037
                12.80872                       71.012478
                12.90871                       71.588605
                 13.0087                       72.165425
                13.10869                       72.742946
                13.20868                       73.321176
                13.30867                       73.900122
                13.40866                       74.479793
                13.50865                       75.060195
                13.60864                       75.641337
                13.70863                       76.223226
                13.80862                        76.80587
                13.90861                       77.389278
                 14.0086                       77.973456
                14.10859                       78.558413
                14.20858                       79.144157
                14.30857                       79.730696
                14.40856                       80.318037
                14.50855                       80.906743
                14.60854                       81.496276
                14.70853                       82.086644
                14.80852                       82.677854
                14.90851                       83.269915
                 15.0085                       83.862836
                15.10849                       84.456623
                15.20848                       85.051286
                15.30847                       85.646832
                15.40846                        86.24327
                15.50845                       86.840608
                15.60844                       87.438855
                15.70843                       88.038018
                15.80842                       88.638106
                15.90841                       89.239127
                 16.0084                       89.841091
                16.10839                       90.444005
                16.20838                       91.047877
                16.30837                       91.652716
                16.40836                       92.258532
                16.50835                       92.865332
                16.60834                       93.473124
                16.70833                       94.081919
                16.80832                       94.691723
                16.90831                       95.302546
                 17.0083                       95.914398
                17.10829                       96.527285
                17.20828                       97.141218
                17.30827                       97.756205
                17.40826                       98.372254
                17.50825                       98.989376
                17.60824                       99.607578
                17.70823                       100.22687
                17.80822                       100.84726
                17.90821                       101.46876
                 18.0082                       102.09137
                18.10819                       102.71511
                18.20818                       103.33999
                18.30817                       103.96601
                18.40816                       104.59318
                18.50815                       105.22152
                18.60814                       105.85103
                18.70813                       106.48172
                18.80812                        107.1136
                18.90811                       107.74668
                 19.0081                       108.38097
                19.10809                       109.01648
                19.20808                       109.65321
                19.30807                       110.29119
                19.40806                       110.93041
                19.50805                       111.57125
                19.60804                       112.21336
                19.70803                       112.85675
                19.80802                       113.50143
                19.90801                        114.1474
                  20.008                       114.79469
                20.10799                        115.4433
                20.20798                       116.09324
                20.30797                       116.74452
                20.40796                       117.39715
                20.50795                       118.05113
                20.60794                       118.70649
                20.70793                       119.36322
                20.80792                       120.02135
                20.90791                       120.68087
                 21.0079                       121.34181
                21.10789                       122.00416
                21.20788                       122.66794
                21.30787                       123.33317
                21.40786                       123.99984
                21.50785                       124.66798
                21.60784                       125.33759
                21.70783                       126.00868
                21.80782                       126.68126
                21.90781                       127.35534
                 22.0078                       128.03094
                22.10779                       128.70806
                22.20778                       129.38672
                22.30777                       130.06692
                22.40776                       130.74867
                22.50775                         131.432
                22.60774                        132.1169
                22.70773                       132.80338
                22.80772                       133.49147
                22.90771                       134.18116
                 23.0077                       134.87248
                23.10769                       135.56542
                23.20768                       136.26001
                23.30767                       136.95625
                23.40766                       137.65415
                23.50765                       138.35373
                23.60764                         139.055
                23.70763                       139.75796
                23.80762                       140.46263
                23.90761                       141.16901
                 24.0076                       141.87713
                24.10759                       142.58699
                24.20758                        143.2986
                24.30757                       144.01197
                24.40756                       144.72712
                24.50755                       145.44405
                24.60754                       146.16278
                24.70753                       146.88331
                24.80752                       147.60567
                24.90751                       148.32986
                      25                       149.00136
                 25.0075                       149.05591
                25.10749                       149.78415
                25.20748                       150.51425
                25.30747                       151.24623
                25.40746                        151.9801
                25.50745                       152.71588
                25.60744                       153.45356
                25.70743                       154.19317
                25.80742                       154.93472
                25.90741                       155.67822
                 26.0074                       156.42367
                26.10739                       157.17109
                26.20738                       157.92049
                26.30737                       158.67189
                26.40736                       159.42529
                26.50735                        160.1807
                26.60734                       160.93815
                26.70733                       161.69763
                26.80732                       162.45915
                26.90731                       163.22274
                 27.0073                        163.9884
                27.10729                       164.75615
                27.20728                       165.52599
                27.30727                       166.29793
                27.40726                       167.07199
                27.50725                       167.84818
                27.60724                        168.6265
                27.70723                       169.40698
                27.80722                       170.18962
                27.90721                       170.97443
                 28.0072                       171.76142
                28.10719                       172.55061
                28.20718                         173.342
                28.30717                       174.13561
                28.40716                       174.93144
                28.50715                       175.72951
                28.60714                       176.52983
                28.70713                       177.33241
                28.80712                       178.13726
                28.90711                       178.94439
                 29.0071                       179.75381
                29.10709                       180.56553
                29.20708                       181.37956
                29.30707                       182.19591
                29.40706                        183.0146
                29.50705                       183.83562
                29.60704                         184.659
                29.70703                       185.48474
                29.80702                       186.31286
                29.90701                       187.14335
                  30.007                       187.97624
                30.10699                       188.81152
                30.20698                       189.64922
                30.30697                       190.48934
                30.40696                       191.33189
                30.50695                       192.17687
                30.60694                       193.02431
                30.70693                        193.8742
                30.80692                       194.72655
                30.90691                       195.58138
                 31.0069                       196.43869
                31.10689                        197.2985
                31.20688                        198.1608
                31.30687                       199.02562
                31.40686                       199.89295
                31.50685                        200.7628
                31.60684                       201.63519
                31.70683                       202.51011
                31.80682                       203.38759
                31.90681                       204.26762
                 32.0068                       205.15021
                32.10679                       206.03538
                32.20678                       206.92312
                32.30677                       207.81344
                32.40676                       208.70636
                32.50675                       209.60187
                32.60674                       210.49998
                32.70673                       211.40071
                32.80672                       212.30406
                32.90671                       213.21002
                 33.0067                       214.11862
                33.10669                       215.02985
                33.20668                       215.94372
                33.30667                       216.86024
                33.40666                       217.77941
                33.50665                       218.70123
                33.60664                       219.62572
                33.70663                       220.55287
                33.80662                        221.4827
                33.90661                        222.4152
                 34.0066                       223.35038
                34.10659                       224.28825
                34.20658                       225.22882
                34.30657                       226.17207
                34.40656                       227.11803
                34.50655                       228.06669
                34.60654                       229.01805
                34.70653                       229.97213
                34.80652                       230.92893
                34.90651                       231.88845
                 35.0065                       232.85069
                35.10649                       233.81566
                35.20648                       234.78336
                35.30647                       235.75381
                35.40646                       236.72731
                35.50645                       237.70356
                35.60644                       238.68257
                35.70643                       239.66434
                35.80642                       240.64887
                35.90641                       241.63617
                 36.0064                       242.62624
                36.10639                        243.6191
                36.20638                       244.61473
                36.30637                       245.61317
                36.40636                        246.6144
                36.50635                       247.61844
                36.60634                       248.62529
                36.70633                       249.63497
                36.80632                       250.64747
                36.90631                       251.66282
                 37.0063                       252.68103
                37.10629                       253.70209
                37.20628                       254.72603
                37.30627                       255.75286
                37.40626                       256.78259
                37.50625                       257.81524
                37.60624                       258.85083
                37.70623                       259.88937
                37.80622                       260.93089
                37.90621                        261.9754
                 38.0062                       263.02293
                38.10619                        264.0735
                38.20618                       265.12715
                38.30617                        266.1839
                38.40616                       267.24378
                38.50615                       268.30683
                38.60614                       269.37308
                38.70613                       270.44259
                38.80612                       271.51539
                38.90611                       272.59153
                 39.0061                       273.67107
                39.10609                       274.75405
                39.20608                       275.84055
                39.30607                       276.93063
                39.40606                       278.02435
                39.50605                       279.12181
                39.60604                       280.22308
                39.70603                       281.32825
                39.80602                       282.43742
                39.90601                       283.55069
                  40.006                       284.66819
                40.10599                       285.79002
                40.20598                       286.91633
                40.30597                       288.04725
                40.40596                       289.18294
                40.50595                       290.32357
                40.60594                       291.46929
                40.70593                       292.62032
                40.80592                       293.77683
                40.90591                       294.93907
                 41.0059                       296.10724
                41.10589                        297.2816
                41.20588                       298.46242
                41.30587                       299.64996
                41.40586                       300.84452
                41.50585                       302.04642
                41.60584                       303.25598
                41.70583                       304.47355
                41.80582                       305.69948
                41.90581                       306.93415
                 42.0058                       308.17795
                42.10579                       309.43126
                42.20578                       310.69449
                42.30577                       311.96803
                42.40576                       313.25228
                42.50575                        314.5476
                42.60574                       315.85434
                42.70573                        317.1728
                42.80572                       318.50321
                42.90571                       319.84592
                 43.0057                       321.20075
                43.10569                        322.5676
                43.20568                       323.94613
                43.30567                       325.33577
                43.40566                       326.73565
                43.50565                       328.14447
                43.60564                       329.56052
                43.70563                        330.9815
                43.80562                       332.40446
                43.90561                       333.82573
                 44.0056                       335.24081
                44.10559                       336.64433
                44.20558                       338.03005
                44.30557                        339.3909
                44.40556                        340.7192
                44.50555                       342.00685
                44.60554                       343.24581
                44.70553                       344.42863
                44.80552                       345.54912
                44.90551                       346.60301
                 45.0055                       347.58871
                45.10549                       348.50776
                45.20548                        349.3651
                45.30547                         350.169
                45.40546                        350.9306
                45.50545                       351.66311
                45.60544                       352.38088
                45.70543                       353.09831
                45.80542                        353.8289
                45.90541                       354.58454
                 46.0054                         355.375
                46.10539                       356.20771
                46.20538                       357.08782
                46.30537                       358.01839
                46.40536                       359.00068
                46.50535                       360.03451
                46.60534                       361.11861
                46.70533                       362.25092
                46.80532                        363.4289
                46.90531                        364.6497
                 47.0053                       365.91037
                47.10529                       367.20795
                47.20528                       368.53959
                47.30527                       369.90255
                47.40526                        371.2943
                47.50525                        372.7125
                47.60524                       374.15501
                47.70523                       375.61987
                47.80522                       377.10534
                47.90521                       378.60984
                 48.0052                       380.13193
                48.10519                       381.67036
                48.20518                       383.22399
                48.30517                       384.79181
                48.40516                       386.37291
                48.50515                       387.96648
                48.60514                       389.57181
                48.70513                       391.18826
                48.80512                       392.81524
                48.90511                       394.45225
                 49.0051                       396.09883
                49.10509                       397.75456
                49.20508                       399.41909
                49.30507                       401.09208
                49.40506                       402.77324
                49.50505                        404.4623
                49.60504                       406.15901
                49.70503                       407.86318
                49.80502                        409.5746
                49.90501                        411.2931
                      50                       412.93207
                  50.005                       413.01852
                50.10499                       414.75085
                50.20498                       416.48983
                50.30497                       418.23534
                50.40496                       419.98726
                50.50495                       421.74551
                50.60494                       423.50997
                50.70493                       425.28058
                50.80492                       427.05725
                50.90491                       428.83991
                 51.0049                       430.62848
                51.10489                        432.4229
                51.20488                       434.22312
                51.30487                       436.02906
                51.40486                       437.84067
                51.50485                        439.6579
                51.60484                       441.48068
                51.70483                       443.30897
                51.80482                       445.14271
                51.90481                       446.98184
                 52.0048                       448.82632
                52.10479                       450.67608
                52.20478                       452.53108
                52.30477                       454.39125
                52.40476                       456.25654
                52.50475                       458.12689
                52.60474                       460.00223
                52.70473                       461.88251
                52.80472                       463.76767
                52.90471                       465.65762
                 53.0047                       467.55232
                53.10469                       469.45168
                53.20468                       471.35563
                53.30467                        473.2641
                53.40466                         475.177
                53.50465                       477.09426
                53.60464                       479.01579
                53.70463                        480.9415
                53.80462                        482.8713
                53.90461                       484.80511
                 54.0046                       486.74281
                54.10459                       488.68431
                54.20458                       490.62962
                54.30457                       492.57851
                54.40456                       494.53089
                54.50455                       496.48663
                54.60454                       498.44561
                54.70453                       500.40772
                54.80452                       502.37282
                54.90451                       504.34079
                 55.0045                        506.3115
                55.10449                        508.2848
                55.20448                       510.26056
                55.30447                       512.23863
                55.40446                       514.21886
                55.50445                        516.2011
                55.60444                       518.18518
                55.70443                       520.17096
                55.80442                       522.15826
                55.90441                       524.14691
                 56.0044                       526.13674
                56.10439                       528.12757
                56.20438                       530.11922
                56.30437                        532.1115
                56.40436                       534.10422
                56.50435                       536.09718
                56.60434                       538.09019
                56.70433                       540.08304
                56.80432                       542.07553
                56.90431                       544.06743
                 57.0043                       546.05853
                57.10429                       548.04862
                57.20428                       550.03746
                57.30427                       552.02483
                57.40426                        554.0105
                57.50425                       555.99421
                57.60424                       557.97574
                57.70423                       559.95483
                57.80422                       561.93124
                57.90421                       563.90471
                 58.0042                       565.87497
                58.10419                       567.84177
                58.20418                       569.80484
                58.30417                        571.7639
                58.40416                       573.71869
                58.50415                       575.66891
                58.60414                        577.6143
                58.70413                       579.55455
                58.80412                       581.48939
                58.90411                       583.41851
                 59.0041                       585.34162
                59.10409                       587.25842
                59.20408                       589.16859
                59.30407                       591.07184
                59.40406                       592.96785
                59.50405                        594.8563
                59.60404                       596.73688
                59.70403                       598.60927
                59.80402                       600.47313
                59.90401                       602.32836
                  60.004                       604.17441
                60.10399                       606.01096
                60.20398                       607.83767
                60.30397                       609.65421
                60.40396                       611.46023
                60.50395                       613.25539
                60.60394                       615.03936
                60.70393                       616.81178
                60.80392                       618.57232
                60.90391                       620.32062
                 61.0039                       622.05634
                61.10389                       623.77913
                61.20388                       625.48864
                61.30387                       627.18451
                61.40386                        628.8664
                61.50385                       630.53396
                61.60384                       632.18682
                61.70383                       633.82465
                61.80382                       635.44709
                61.90381                       637.05379
                 62.0038                        638.6444
                62.10379                       640.21857
                62.20378                       641.77595
                62.30377                        643.3162
                62.40376                       644.83897
                62.50375                       646.34392
                62.60374                        647.8307
                62.70373                       649.29899
                62.80372                       650.74843
                62.90371                        652.1787
                 63.0037                       653.58947
                63.10369                       654.98041
                63.20368                       656.35119
                63.30367                        657.7015
                63.40366                       659.03102
                63.50365                       660.33943
                63.60364                       661.62643
                63.70363                       662.89171
                63.80362                       664.13497
                63.90361                       665.35593
                 64.0036                       666.55429
                64.10359                       667.72976
                64.20358                       668.88208
                64.30357                       670.01097
                64.40356                       671.11616
                64.50355                       672.19739
                64.60354                       673.25442
                64.70353                       674.28699
                64.80352                       675.29487
                64.90351                       676.27783
                 65.0035                       677.23564
                65.10349                       678.16808
                65.20348                       679.07494
                65.30347                       679.95603
                65.40346                       680.81115
                65.50345                       681.64012
                65.60344                       682.44275
                65.70343                       683.21888
                65.80342                       683.96835
                65.90341                       684.69102
                 66.0034                       685.38673
                66.10339                       686.05535
                66.20338                       686.69676
                66.30337                       687.31085
                66.40336                       687.89751
                66.50335                       688.45664
                66.60334                       688.98816
                66.70333                       689.49199
                66.80332                       689.96806
                66.90331                       690.41632
                 67.0033                       690.83671
                67.10329                        691.2292
                67.20328                       691.59375
                67.30327                       691.93036
                67.40326                         692.239
                67.50325                       692.51968
                67.60324                       692.77241
                67.70323                       692.99721
                67.80322                        693.1941
                67.90321                       693.36312
                 68.0032                       693.50433
                68.10319                       693.61778
                68.20318                       693.70353
                68.30317                       693.76167
                68.40316                       693.79227
                68.50315                       693.79543
                68.60314                       693.77125
                68.70313                       693.71985
                68.80312                       693.64135
                68.90311                       693.53586
                 69.0031                       693.40354
                69.10309                       693.24453
                69.20308                       693.05897
                69.30307                       692.84704
                69.40306                        692.6089
                69.50305                       692.34473
                69.60304                       692.05471
                69.70303                       691.73904
                69.80302                       691.39791
                69.90301                       691.03154
                  70.003                       690.64012
                70.10299                        690.2239
                70.20298                       689.78308
                70.30297                        689.3179
                70.40296                       688.82859
                70.50295                       688.31541
                70.60294                        687.7786
                70.70293                       687.21842
                70.80292                       686.63511
                70.90291                       686.02896
                 71.0029                       685.40022
                71.10289                       684.74917
                71.20288                       684.07609
                71.30287                       683.38126
                71.40286                       682.66496
                71.50285                       681.92748
                71.60284                       681.16912
                71.70283                       680.39017
                71.80282                       679.59092
                71.90281                       678.77168
                 72.0028                       677.93276
                72.10279                       677.07444
                72.20278                       676.19706
                72.30277                       675.30091
                72.40276                        674.3863
                72.50275                       673.45355
                72.60274                       672.50297
                72.70273                       671.53488
                72.80272                       670.54958
                72.90271                       669.54741
                 73.0027                       668.52867
                73.10269                       667.49369
                73.20268                       666.44277
                73.30267                       665.37624
                73.40266                       664.29442
                73.50265                       663.19761
                73.60264                       662.08615
                73.70263                       660.96033
                73.80262                       659.82049
                73.90261                       658.66692
                 74.0026                       657.49996
                74.10259                        656.3199
                74.20258                       655.12705
                74.30257                       653.92173
                74.40256                       652.70424
                74.50255                       651.47489
                74.60254                       650.23398
                74.70253                       648.98182
                74.80252                       647.71869
                74.90251                       646.44491
                 75.0025                       645.16076
                75.10249                       643.86674
                75.20248                       642.56295
                75.30247                       641.24965
                75.40246                       639.92714
                75.50245                       638.59571
                75.60244                       637.25562
                75.70243                       635.90716
                75.80242                        634.5506
                75.90241                       633.18622
                 76.0024                       631.81427
                76.10239                       630.43502
                76.20238                       629.04874
                76.30237                       627.65568
                76.40236                        626.2561
                76.50235                       624.85025
                76.60234                       623.43838
                76.70233                       622.02074
                76.80232                       620.59756
                76.90231                       619.16908
                 77.0023                       617.73555
                77.10229                       616.29719
                77.20228                       614.85422
                77.30227                       613.40689
                77.40226                       611.95539
                77.50225                       610.49997
                77.60224                       609.04082
                77.70223                       607.57817
                77.80222                       606.11221
                77.90221                       604.64315
                 78.0022                        603.1712
                78.10219                       601.69655
                78.20218                        600.2194
                78.30217                       598.73992
                78.40216                       597.25833
                78.50215                       595.77479
                78.60214                       594.28948
                78.70213                       592.80259
                78.80212                       591.31428
                78.90211                       589.82474
                 79.0021                       588.33411
                79.10209                       586.84258
                79.20208                       585.35029
                79.30207                       583.85741
                79.40206                       582.36409
                79.50205                       580.87048
                79.60204                       579.37673
                79.70203                       577.88299
                79.80202                       576.38938
                79.90201                       574.89606
                  80.002                       573.40316
                80.10199                       571.91081
                80.20198                       570.41914
                80.30197                       568.92828
                80.40196                       567.43835
                80.50195                       565.94947
                80.60194                       564.46176
                80.70193                       562.97534
                80.80192                       561.49031
                80.90191                       560.00679
                 81.0019                       558.52488
                81.10189                       557.04469
                81.20188                       555.56632
                81.30187                       554.08988
                81.40186                       552.61544
                81.50185                       551.14312
                81.60184                       549.67301
                81.70183                       548.20518
                81.80182                       546.73973
                81.90181                       545.27675
                 82.0018                       543.81631
                82.10179                        542.3585
                82.20178                       540.90339
                82.30177                       539.45106
                82.40176                       538.00159
                82.50175                       536.55504
                82.60174                       535.11148
                82.70173                       533.67099
                82.80172                       532.23362
                82.90171                       530.79944
                 83.0017                       529.36851
                83.10169                        527.9409
                83.20168                       526.51665
                83.30167                       525.09582
                83.40166                       523.67848
                83.50165                       522.26466
                83.60164                       520.85442
                83.70163                       519.44782
                83.80162                       518.04489
                83.90161                       516.64568
                 84.0016                       515.25024
                84.10159                        513.8586
                84.20158                       512.47082
                84.30157                       511.08692
                84.40156                       509.70695
                84.50155                       508.33094
                84.60154                       506.95893
                84.70153                       505.59095
                84.80152                       504.22703
                84.90151                       502.86721
                 85.0015                        501.5115
                85.10149                       500.15995
                85.20148                       498.81258
                85.30147                       497.46942
                85.40146                       496.13048
                85.50145                       494.79579
                85.60144                       493.46538
                85.70143                       492.13927
                85.80142                       490.81747
                85.90141                       489.50001
                 86.0014                        488.1869
                86.10139                       486.87816
                86.20138                        485.5738
                86.30137                       484.27385
                86.40136                       482.97832
                86.50135                       481.68721
                86.60134                       480.40054
                86.70133                       479.11833
                86.80132                       477.84058
                86.90131                        476.5673
                 87.0013                        475.2985
                87.10129                       474.03419
                87.20128                       472.77438
                87.30127                       471.51907
                87.40126                       470.26828
                87.50125                       469.02199
                87.60124                       467.78023
                87.70123                       466.54299
                87.80122                       465.31027
                87.90121                       464.08208
                 88.0012                       462.85843
                88.10119                        461.6393
                88.20118                        460.4247
                88.30117                       459.21464
                88.40116                       458.00911
                88.50115                       456.80811
                88.60114                       455.61163
                88.70113                       454.41969
                88.80112                       453.23226
                88.90111                       452.04936
                 89.0011                       450.87097
                89.10109                        449.6971
                89.20108                       448.52773
                89.30107                       447.36287
                89.40106                        446.2025
                89.50105                       445.04663
                89.60104                       443.89524
                89.70103                       442.74833
                89.80102                       441.60589
                89.90101                       440.46792
                  90.001                        439.3344
                90.10099                       438.20533
                90.20098                        437.0807
                90.30097                       435.96051
                90.40096                       434.84473
                90.50095                       433.73337
                90.60094                       432.62641
                90.70093                       431.52384
                90.80092                       430.42566
                90.90091                       429.33185
                 91.0009                       428.24247
                91.10089                       427.15745
                91.20088                       426.07676
                91.30087                        425.0004
                91.40086                       423.92836
                91.50085                       422.86062
                91.60084                       421.79717
                91.70083                       420.73801
                91.80082                       419.68311
                91.90081                       418.63246
                 92.0008                       417.58606
                92.10079                       416.54388
                92.20078                       415.50592
                92.30077                       414.47216
                92.40076                       413.44259
                92.50075                       412.41719
                92.60074                       411.39596
                92.70073                       410.37887
                92.80072                       409.36592
                92.90071                       408.35708
                 93.0007                       407.35235
                93.10069                        406.3517
                93.20068                       405.35514
                93.30067                       404.36263
                93.40066                       403.37417
                93.50065                       402.38974
                93.60064                       401.40933
                93.70063                       400.43291
                93.80062                       399.46049
                93.90061                       398.49203
                 94.0006                       397.52753
                94.10059                       396.56697
                94.20058                       395.61034
                94.30057                       394.65762
                94.40056                       393.70879
                94.50055                       392.76384
                94.60054                       391.82275
                94.70053                       390.88551
                94.80052                        389.9521
                94.90051                       389.02251
                 95.0005                       388.09672
                95.10049                       387.17471
                95.20048                       386.25648
                95.30047                       385.34199
                95.40046                       384.43125
                95.50045                       383.52423
                95.60044                       382.62091
                95.70043                       381.72128
                95.80042                       380.82533
                95.90041                       379.93303
                 96.0004                       379.04438
                96.10039                       378.15936
                96.20038                       377.27794
                96.30037                       376.40012
                96.40036                       375.52588
                96.50035                       374.65521
                96.60034                       373.78808
                96.70033                       372.92448
                96.80032                        372.0644
                96.90031                       371.20782
                 97.0003                       370.35472
                97.10029                        369.5051
                97.20028                       368.65892
                97.30027                       367.81618
                97.40026                       366.97687
                97.50025                       366.14096
                97.60024                       365.30844
                97.70023                       364.47929
                97.80022                        363.6535
                97.90021                       362.83106
                 98.0002                       362.01195
                98.10019                       361.19614
                98.20018                       360.38364
                98.30017                       359.57441
                98.40016                       358.76846
                98.50015                       357.96575
                98.60014                       357.16628
                98.70013                       356.37003
                98.80012                       355.57698
                98.90011                       354.78713
                 99.0001                       354.00045
                99.10009                       353.21693
                99.20008                       352.43655
                99.30007                       351.65931
                99.40006                       350.88517
                99.50005                       350.11414
                99.60004                        349.3462
                99.70003                       348.58132
                99.80002                        347.8195
                99.90001                       347.06072
                     100                       346.30497

