                    0.01                       2.1111735
                 0.10999                       22.585654
                 0.20998                       32.772661
                 0.30997                       38.433663
                 0.40996                       42.686612
                 0.50995                       46.289712
                 0.60994                       49.434794
                 0.70993                       52.209204
                 0.80992                       54.792649
                 0.90991                       57.128885
                  1.0099                       59.258402
                 1.10989                       61.214292
                 1.20988                        63.02345
                 1.30987                       64.707709
                 1.40986                        66.28483
                 1.50985                       67.769323
                 1.60984                       69.173107
                 1.70983                       70.506037
                 1.80982                       71.776312
                 1.90981                       72.990799
                  2.0098                        74.15529
                 2.10979                       75.274702
                 2.20978                       76.353232
                 2.30977                        77.39449
                 2.40976                       78.401594
                 2.50975                       79.377255
                 2.60974                       80.323845
                 2.70973                       81.243445
                 2.80972                       82.137895
                 2.90971                       83.008826
                  3.0097                       83.857692
                 3.10969                       84.685796
                 3.20968                       85.494307
                 3.30967                       86.284282
                 3.40966                       87.056679
                 3.50965                       87.812367
                 3.60964                       88.577103
                 3.70963                       89.327076
                 3.80962                       90.062943
                 3.90961                       90.785308
                  4.0096                       91.494729
                 4.10959                       92.191724
                 4.20958                       92.876772
                 4.30957                        93.55032
                 4.40956                       94.212785
                 4.50955                       94.864559
                 4.60954                       95.506006
                 4.70953                        96.13747
                 4.80952                       96.759274
                 4.90951                       97.371725
                  5.0095                       97.975109
                 5.10949                       98.569699
                 5.20948                       99.155755
                 5.30947                       99.733521
                 5.40946                       100.30323
                 5.50945                       100.86511
                 5.60944                       101.41936
                 5.70943                       101.96619
                 5.80942                        102.5058
                 5.90941                       103.03836
                  6.0094                       103.56406
                 6.10939                       104.08306
                 6.20938                       104.59553
                 6.30937                       105.10162
                 6.40936                       105.60148
                 6.50935                       106.09527
                 6.60934                       106.58311
                 6.70933                       107.06514
                 6.80932                        107.5415
                 6.90931                        108.0123
                  7.0093                       108.47767
                 7.10929                       108.93772
                 7.20928                       109.39256
                 7.30927                       109.84232
                 7.40926                       110.28708
                 7.50925                       110.72696
                 7.60924                       111.16205
                 7.70923                       111.59245
                 7.80922                       112.01825
                 7.90921                       112.43954
                  8.0092                       112.85642
                 8.10919                       113.26896
                 8.20918                       113.67724
                 8.30917                       114.08136
                 8.40916                       114.48138
                 8.50915                       114.87738
                 8.60914                       115.26944
                 8.70913                       115.65763
                 8.80912                       116.04202
                 8.90911                       116.42268
                  9.0091                       116.79967
                 9.10909                       117.17305
                 9.20908                        117.5429
                 9.30907                       117.90928
                 9.40906                       118.27223
                 9.50905                       118.63183
                 9.60904                       118.98813
                 9.70903                       119.34118
                 9.80902                       119.69104
                 9.90901                       120.03777
                  10.009                       120.38141
                10.10899                       120.72201
                10.20898                       121.05963
                10.30897                       121.39431
                10.40896                        121.7261
                10.50895                       122.05504
                10.60894                       122.38119
                10.70893                       122.70458
                10.80892                       123.02526
                10.90891                       123.34326
                 11.0089                       123.65864
                11.10889                       123.97144
                11.20888                       124.28168
                11.30887                       124.58941
                11.40886                       124.89467
                11.50885                       125.19749
                11.60884                       125.49792
                11.70883                       125.79598
                11.80882                       126.09171
                11.90881                       126.38515
                 12.0088                       126.67632
                12.10879                       126.96526
                12.20878                       127.25201
                12.30877                       127.53659
                12.40876                       127.81903
                12.50875                       128.09937
                12.60874                       128.37763
                12.70873                       128.65384
                12.80872                       128.92803
                12.90871                       129.20023
                 13.0087                       129.47047
                13.10869                       129.73877
                13.20868                       130.00515
                13.30867                       130.26965
                13.40866                       130.53229
                13.50865                       130.79309
                13.60864                       131.05208
                13.70863                       131.30928
                13.80862                       131.56471
                13.90861                       131.82127
                 14.0086                       132.07613
                14.10859                        132.3293
                14.20858                        132.5808
                14.30857                       132.83066
                14.40856                       133.07889
                14.50855                       133.32551
                14.60854                       133.57055
                14.70853                       133.81403
                14.80852                       134.05595
                14.90851                       134.29635
                 15.0085                       134.53525
                15.10849                       134.77264
                15.20848                       135.00857
                15.30847                       135.24304
                15.40846                       135.47607
                15.50845                       135.70768
                15.60844                       135.93788
                15.70843                       136.16669
                15.80842                       136.39413
                15.90841                       136.62021
                 16.0084                       136.84494
                16.10839                       137.06835
                16.20838                       137.29045
                16.30837                       137.51124
                16.40836                       137.73075
                16.50835                         137.949
                16.60834                       138.16598
                16.70833                       138.38172
                16.80832                       138.59623
                16.90831                       138.80952
                 17.0083                       139.02161
                17.10829                       139.23251
                17.20828                       139.44223
                17.30827                       139.65077
                17.40826                       139.85817
                17.50825                       140.06442
                17.60824                       140.26953
                17.70823                       140.47353
                17.80822                       140.67641
                17.90821                        140.8782
                 18.0082                       141.07889
                18.10819                       141.27851
                18.20818                       141.47706
                18.30817                       141.67455
                18.40816                       141.87099
                18.50815                        142.0664
                18.60814                       142.26077
                18.70813                       142.45412
                18.80812                       142.64647
                18.90811                       142.83781
                 19.0081                       143.02815
                19.10809                       143.21752
                19.20808                        143.4059
                19.30807                       143.59332
                19.40806                       143.77978
                19.50805                       143.96529
                19.60804                       144.14985
                19.70803                       144.33348
                19.80802                       144.51617
                19.90801                       144.69795
                  20.008                       144.87881
                20.10799                       145.05876
                20.20798                       145.23782
                20.30797                       145.41597
                20.40796                       145.59324
                20.50795                       145.76963
                20.60794                       145.94515
                20.70793                       146.11979
                20.80792                       146.29357
                20.90791                        146.4665
                 21.0079                       146.63857
                21.10789                       146.80979
                21.20788                       146.98018
                21.30787                       147.14973
                21.40786                       147.31844
                21.50785                       147.48633
                21.60784                        147.6534
                21.70783                       147.81965
                21.80782                       147.98509
                21.90781                       148.14972
                 22.0078                       148.31355
                22.10779                       148.47657
                22.20778                        148.6388
                22.30777                       148.80023
                22.40776                       148.96087
                22.50775                       149.12073
                22.60774                        149.2798
                22.70773                       149.43809
                22.80772                        149.5956
                22.90771                       149.75233
                 23.0077                       149.90829
                23.10769                       150.06347
                23.20768                       150.21788
                23.30767                       150.37153
                23.40766                        150.5244
                23.50765                       150.67651
                23.60764                       150.82785
                23.70763                       150.97842
                23.80762                       151.12823
                23.90761                       151.27727
                 24.0076                       151.42555
                24.10759                       151.57305
                24.20758                       151.71979
                24.30757                       151.86576
                24.40756                       152.01617
                24.50755                       152.16582
                24.60754                        152.3147
                24.70753                       152.46282
                24.80752                       152.61016
                24.90751                       152.75672
                      25                        152.8916
                 25.0075                       152.90218
                25.10749                       153.04288
                25.20748                       153.18278
                25.30747                       153.32188
                25.40746                       153.46016
                25.50745                       153.59763
                25.60744                       153.73427
                25.70743                       153.87008
                25.80742                       154.00505
                25.90741                       154.13916
                 26.0074                       154.27242
                26.10739                        154.4048
                26.20738                       154.53629
                26.30737                       154.66688
                26.40736                       154.79657
                26.50735                       154.92532
                26.60734                       155.05313
                26.70733                       155.17998
                26.80732                       155.30585
                26.90731                       155.43071
                 27.0073                       155.55456
                27.10729                       155.67737
                27.20728                       155.79911
                27.30727                       155.91977
                27.40726                        156.0393
                27.50725                        156.1577
                27.60724                       156.27492
                27.70723                       156.39094
                27.80722                       156.50572
                27.90721                       156.61924
                 28.0072                       156.73145
                28.10719                       156.84232
                28.20718                       156.95182
                28.30717                       157.05991
                28.40716                       157.16653
                28.50715                       157.27167
                28.60714                       157.37527
                28.70713                       157.47729
                28.80712                       157.57769
                28.90711                       157.67642
                 29.0071                       157.77346
                29.10709                       157.86875
                29.20708                       157.96226
                29.30707                       158.05394
                29.40706                       158.14378
                29.50705                       158.23172
                29.60704                       158.31775
                29.70703                       158.40185
                29.80702                       158.48398
                29.90701                       158.56416
                  30.007                       158.64236
                30.10699                        158.7186
                30.20698                       158.79289
                30.30697                       158.86525
                30.40696                       158.93571
                30.50695                       159.00432
                30.60694                       159.07113
                30.70693                       159.13621
                30.80692                       159.19964
                30.90691                       159.26151
                 31.0069                       159.32191
                31.10689                       159.38096
                31.20688                       159.43877
                31.30687                       159.49549
                31.40686                       159.55124
                31.50685                       159.60617
                31.60684                       159.66042
                31.70683                       159.71414
                31.80682                       159.76747
                31.90681                       159.82056
                 32.0068                       159.87355
                32.10679                       159.92656
                32.20678                       159.97972
                32.30677                       160.03315
                32.40676                       160.08694
                32.50675                       160.14118
                32.60674                       160.19596
                32.70673                       160.25132
                32.80672                       160.30731
                32.90671                       160.36397
                 33.0067                       160.42131
                33.10669                       160.47934
                33.20668                       160.53804
                33.30667                        160.5974
                33.40666                       160.65739
                33.50665                       160.71795
                33.60664                       160.77906
                33.70663                       160.84064
                33.80662                       160.90263
                33.90661                       160.96497
                 34.0066                       161.02758
                34.10659                        161.0904
                34.20658                       161.15334
                34.30657                       161.21633
                34.40656                       161.27929
                34.50655                       161.34215
                34.60654                       161.40484
                34.70653                       161.46727
                34.80652                       161.52938
                34.90651                       161.59131
                 35.0065                       161.65278
                35.10649                       161.71373
                35.20648                       161.77411
                35.30647                       161.83385
                35.40646                        161.8929
                35.50645                       161.95122
                35.60644                       162.00874
                35.70643                       162.06544
                35.80642                       162.12126
                35.90641                       162.17618
                 36.0064                       162.23014
                36.10639                       162.28312
                36.20638                       162.33509
                36.30637                       162.38602
                36.40636                       162.43589
                36.50635                       162.48466
                36.60634                       162.53232
                36.70633                       162.57885
                36.80632                       162.62422
                36.90631                       162.66844
                 37.0063                       162.71147
                37.10629                       162.75332
                37.20628                       162.79396
                37.30627                       162.83339
                37.40626                       162.87161
                37.50625                       162.90861
                37.60624                       162.94438
                37.70623                       162.97892
                37.80622                       163.01223
                37.90621                       163.04432
                 38.0062                       163.07517
                38.10619                       163.10481
                38.20618                       163.13322
                38.30617                       163.16043
                38.40616                       163.18643
                38.50615                       163.21123
                38.60614                       163.23485
                38.70613                       163.25729
                38.80612                       163.27858
                38.90611                       163.29872
                 39.0061                       163.31773
                39.10609                       163.33563
                39.20608                       163.35243
                39.30607                       163.36817
                39.40606                       163.38285
                39.50605                       163.39651
                39.60604                       163.40916
                39.70603                       163.42085
                39.80602                       163.43159
                39.90601                       163.44141
                  40.006                       163.45035
                40.10599                       163.45844
                40.20598                       163.46572
                40.30597                       163.47069
                40.40596                       163.47491
                40.50595                       163.47845
                40.60594                       163.48132
                40.70593                       163.48359
                40.80592                       163.48529
                40.90591                       163.48647
                 41.0059                       163.48719
                41.10589                       163.48749
                41.20588                       163.48743
                41.30587                       163.48706
                41.40586                       163.48643
                41.50585                       163.48562
                41.60584                       163.48467
                41.70583                       163.48365
                41.80582                       163.48263
                41.90581                       163.48166
                 42.0058                       163.48082
                42.10579                       163.48017
                42.20578                       163.47978
                42.30577                       163.47972
                42.40576                       163.48272
                42.50575                        163.4862
                42.60574                       163.49024
                42.70573                        163.4949
                42.80572                       163.50027
                42.90571                       163.50642
                 43.0057                       163.51342
                43.10569                       163.52137
                43.20568                       163.53033
                43.30567                       163.54039
                43.40566                       163.55162
                43.50565                       163.56409
                43.60564                       163.57789
                43.70563                       163.59309
                43.80562                       163.60976
                43.90561                       163.62798
                 44.0056                       163.64781
                44.10559                       163.66931
                44.20558                       163.69256
                44.30557                       163.71759
                44.40556                       163.74447
                44.50555                       163.77323
                44.60554                       163.80391
                44.70553                       163.83652
                44.80552                       163.87108
                44.90551                       163.90758
                 45.0055                         163.946
                45.10549                       163.98627
                45.20548                       164.02833
                45.30547                       164.07206
                45.40546                        164.1173
                45.50545                       164.16386
                45.60544                       164.21147
                45.70543                        164.2588
                45.80542                       164.30641
                45.90541                       164.35379
                 46.0054                       164.40026
                46.10539                       164.44502
                46.20538                       164.48708
                46.30537                       164.52524
                46.40536                       164.55807
                46.50535                       164.58387
                46.60534                       164.60064
                46.70533                       164.60611
                46.80532                        164.5977
                46.90531                       164.57266
                 47.0053                       164.52814
                47.10529                       164.46145
                47.20528                       164.37037
                47.30527                       164.25359
                47.40526                       164.11131
                47.50525                       163.94584
                47.60524                       163.76207
                47.70523                        163.5677
                47.80522                       163.37295
                47.90521                       163.18955
                 48.0052                       163.02928
                48.10519                       162.90219
                48.20518                       162.81516
                48.30517                       162.77109
                48.40516                       162.76915
                48.50515                       162.80557
                48.60514                       162.87488
                48.70513                       162.97098
                48.80512                       163.08803
                48.90511                       163.22086
                 49.0051                       163.36522
                49.10509                       163.51772
                49.20508                       163.67578
                49.30507                       163.83746
                49.40506                       164.00133
                49.50505                       164.16637
                49.60504                       164.33182
                49.70503                       164.49716
                49.80502                       164.66203
                49.90501                       164.82617
                      50                       164.98128
                  50.005                       164.98942
                50.10499                       165.15169
                50.20498                        165.3129
                50.30497                       165.47275
                50.40496                       165.63151
                50.50495                       165.78917
                50.60494                       165.94574
                50.70493                       166.10124
                50.80492                        166.2557
                50.90491                       166.40914
                 51.0049                       166.56158
                51.10489                       166.71306
                51.20488                       166.86359
                51.30487                       167.01319
                51.40486                       167.16188
                51.50485                       167.30968
                51.60484                       167.45661
                51.70483                       167.60268
                51.80482                       167.74789
                51.90481                       167.89227
                 52.0048                       168.03581
                52.10479                       168.17853
                52.20478                       168.32042
                52.30477                        168.4615
                52.40476                       168.60176
                52.50475                        168.7412
                52.60474                       168.87983
                52.70473                       169.01765
                52.80472                       169.15465
                52.90471                       169.29084
                 53.0047                       169.42621
                53.10469                       169.56076
                53.20468                       169.69449
                53.30467                       169.82739
                53.40466                       169.95947
                53.50465                       170.09072
                53.60464                       170.22113
                53.70463                       170.35071
                53.80462                       170.47946
                53.90461                       170.60736
                 54.0046                       170.73443
                54.10459                       170.86065
                54.20458                       170.98602
                54.30457                       171.11055
                54.40456                       171.23423
                54.50455                       171.35706
                54.60454                       171.47904
                54.70453                       171.60017
                54.80452                       171.72045
                54.90451                       171.83988
                 55.0045                       171.95846
                55.10449                       172.07619
                55.20448                       172.19307
                55.30447                       172.30911
                55.40446                        172.4243
                55.50445                       172.53864
                55.60444                       172.65215
                55.70443                       172.76481
                55.80442                       172.87664
                55.90441                       172.98764
                 56.0044                        173.0978
                56.10439                       173.20714
                56.20438                       173.31566
                56.30437                       173.42336
                56.40436                       173.53024
                56.50435                       173.63632
                56.60434                       173.74159
                56.70433                       173.84606
                56.80432                       173.94974
                56.90431                       174.05262
                 57.0043                       174.15473
                57.10429                       174.25605
                57.20428                        174.3566
                57.30427                       174.45639
                57.40426                       174.55541
                57.50425                       174.65368
                57.60424                       174.75121
                57.70423                       174.84799
                57.80422                       174.94404
                57.90421                       175.03937
                 58.0042                       175.13397
                58.10419                       175.22786
                58.20418                       175.32104
                58.30417                       175.41353
                58.40416                       175.50532
                58.50415                       175.59643
                58.60414                       175.68687
                58.70413                       175.77663
                58.80412                       175.86574
                58.90411                       175.95419
                 59.0041                         176.042
                59.10409                       176.12917
                59.20408                       176.21571
                59.30407                       176.30163
                59.40406                       176.38693
                59.50405                       176.47163
                59.60404                       176.55573
                59.70403                       176.63925
                59.80402                       176.72218
                59.90401                       176.80454
                  60.004                       176.88633
                60.10399                       176.96757
                60.20398                       177.04826
                60.30397                       177.12841
                60.40396                       177.20803
                60.50395                       177.28713
                60.60394                       177.36571
                60.70393                       177.44378
                60.80392                       177.52136
                60.90391                       177.59844
                 61.0039                       177.67505
                61.10389                       177.75118
                61.20388                       177.82685
                61.30387                       177.90205
                61.40386                       177.97682
                61.50385                       178.05114
                61.60384                        178.1257
                61.70383                       178.19983
                61.80382                       178.27356
                61.90381                       178.34687
                 62.0038                       178.41979
                62.10379                       178.49232
                62.20378                       178.56447
                62.30377                       178.63625
                62.40376                       178.70767
                62.50375                       178.77872
                62.60374                       178.84944
                62.70373                       178.91981
                62.80372                       178.98985
                62.90371                       179.05957
                 63.0037                       179.12898
                63.10369                       179.19808
                63.20368                       179.26688
                63.30367                        179.3354
                63.40366                       179.40363
                63.50365                       179.47159
                63.60364                       179.53929
                63.70363                       179.60674
                63.80362                       179.67393
                63.90361                       179.74089
                 64.0036                       179.80762
                64.10359                       179.87413
                64.20358                       179.94042
                64.30357                       180.00651
                64.40356                        180.0724
                64.50355                        180.1381
                64.60354                       180.20362
                64.70353                       180.26897
                64.80352                       180.33415
                64.90351                       180.39919
                 65.0035                       180.46407
                65.10349                       180.52882
                65.20348                       180.59343
                65.30347                       180.65793
                65.40346                       180.72231
                65.50345                       180.78659
                65.60344                       180.85077
                65.70343                       180.91486
                65.80342                       180.97887
                65.90341                       181.04282
                 66.0034                        181.1067
                66.10339                       181.17052
                66.20338                       181.23431
                66.30337                       181.29805
                66.40336                       181.36177
                66.50335                       181.42546
                66.60334                       181.48915
                66.70333                       181.55283
                66.80332                       181.61652
                66.90331                       181.68023
                 67.0033                       181.74395
                67.10329                       181.80771
                67.20328                       181.87151
                67.30327                       181.93536
                67.40326                       181.99927
                67.50325                       182.06325
                67.60324                        182.1273
                67.70323                       182.19143
                67.80322                       182.25566
                67.90321                          182.32
                 68.0032                       182.38444
                68.10319                         182.449
                68.20318                       182.51369
                68.30317                       182.57853
                68.40316                        182.6435
                68.50315                       182.70864
                68.60314                       182.77394
                68.70313                       182.83941
                68.80312                       182.90507
                68.90311                       182.97092
                 69.0031                       183.03697
                69.10309                       183.10324
                69.20308                       183.16972
                69.30307                       183.23643
                69.40306                       183.30339
                69.50305                       183.37059
                69.60304                       183.43805
                69.70303                       183.50578
                69.80302                       183.57379
                69.90301                       183.64208
                  70.003                       183.71067
                70.10299                       183.77956
                70.20298                       183.84877
                70.30297                       183.91831
                70.40296                       183.98818
                70.50295                        184.0584
                70.60294                       184.12897
                70.70293                        184.1999
                70.80292                       184.27122
                70.90291                       184.34291
                 71.0029                         184.415
                71.10289                        184.4875
                71.20288                       184.56041
                71.30287                       184.63375
                71.40286                       184.70752
                71.50285                       184.78174
                71.60284                       184.85641
                71.70283                       184.93156
                71.80282                       185.00718
                71.90281                       185.08328
                 72.0028                       185.15989
                72.10279                         185.237
                72.20278                       185.31464
                72.30277                        185.3928
                72.40276                       185.47151
                72.50275                       185.55077
                72.60274                       185.63059
                72.70273                       185.71099
                72.80272                       185.79197
                72.90271                       185.87355
                 73.0027                       185.95573
                73.10269                       186.03853
                73.20268                       186.12197
                73.30267                       186.20604
                73.40266                       186.29077
                73.50265                       186.37616
                73.60264                       186.46223
                73.70263                       186.54899
                73.80262                       186.63644
                73.90261                       186.72461
                 74.0026                       186.81349
                74.10259                       186.90312
                74.20258                       186.99349
                74.30257                       187.08461
                74.40256                       187.17651
                74.50255                       187.26919
                74.60254                       187.36267
                74.70253                       187.45695
                74.80252                       187.55205
                74.90251                       187.64798
                 75.0025                       187.74476
                75.10249                       187.84217
                75.20248                       187.94044
                75.30247                        188.0396
                75.40246                       188.13965
                75.50245                       188.24061
                75.60244                       188.34249
                75.70243                        188.4453
                75.80242                       188.54906
                75.90241                       188.65378
                 76.0024                       188.75947
                76.10239                       188.86615
                76.20238                       188.97383
                76.30237                       189.08252
                76.40236                       189.19224
                76.50235                         189.303
                76.60234                       189.41481
                76.70233                        189.5277
                76.80232                       189.64166
                76.90231                       189.75672
                 77.0023                       189.87289
                77.10229                       189.99018
                77.20228                       190.10861
                77.30227                        190.2282
                77.40226                       190.34895
                77.50225                       190.47088
                77.60224                       190.59401
                77.70223                       190.71834
                77.80222                       190.84391
                77.90221                       190.97071
                 78.0022                       191.09876
                78.10219                       191.22809
                78.20218                        191.3587
                78.30217                       191.49061
                78.40216                       191.62384
                78.50215                       191.75839
                78.60214                        191.8943
                78.70213                       192.03156
                78.80212                        192.1702
                78.90211                       192.31023
                 79.0021                       192.45167
                79.10209                       192.59453
                79.20208                       192.73884
                79.30207                        192.8846
                79.40206                       193.03183
                79.50205                       193.18055
                79.60204                       193.33077
                79.70203                       193.48252
                79.80202                        193.6358
                79.90201                       193.79064
                  80.002                       193.94704
                80.10199                       194.10504
                80.20198                       194.26463
                80.30197                       194.42585
                80.40196                       194.58871
                80.50195                       194.75323
                80.60194                       194.91941
                80.70193                       195.08729
                80.80192                       195.25687
                80.90191                       195.42818
                 81.0019                       195.60123
                81.10189                       195.77604
                81.20188                       195.95263
                81.30187                       196.13101
                81.40186                       196.31121
                81.50185                       196.49325
                81.60184                       196.67713
                81.70183                       196.86288
                81.80182                       197.05052
                81.90181                       197.24006
                 82.0018                       197.43153
                82.10179                       197.62494
                82.20178                       197.82032
                82.30177                       198.01767
                82.40176                       198.21703
                82.50175                        198.4184
                82.60174                       198.62181
                82.70173                       198.82729
                82.80172                       199.03483
                82.90171                       199.24448
                 83.0017                       199.45624
                83.10169                       199.67014
                83.20168                       199.88619
                83.30167                       200.10442
                83.40166                       200.32485
                83.50165                        200.5475
                83.60164                       200.77238
                83.70163                       200.99952
                83.80162                       201.22893
                83.90161                       201.46065
                 84.0016                       201.69468
                84.10159                       201.93106
                84.20158                        202.1698
                84.30157                       202.41092
                84.40156                       202.65444
                84.50155                       202.90039
                84.60154                       203.14878
                84.70153                       203.39964
                84.80152                         203.653
                84.90151                       203.90886
                 85.0015                       204.16726
                85.10149                       204.42821
                85.20148                       204.69174
                85.30147                       204.95787
                85.40146                       205.22662
                85.50145                       205.49802
                85.60144                       205.77208
                85.70143                       206.04884
                85.80142                        206.3283
                85.90141                       206.61051
                 86.0014                       206.89547
                86.10139                       207.18321
                86.20138                       207.47376
                86.30137                       207.76714
                86.40136                       208.06336
                86.50135                       208.36247
                86.60134                       208.66447
                86.70133                        208.9694
                86.80132                       209.27728
                86.90131                       209.58813
                 87.0013                       209.90197
                87.10129                       210.21883
                87.20128                       210.53874
                87.30127                       210.86172
                87.40126                       211.18779
                87.50125                       211.51698
                87.60124                       211.84932
                87.70123                       212.18482
                87.80122                       212.52352
                87.90121                       212.86544
                 88.0012                       213.21061
                88.10119                       213.55904
                88.20118                       213.91078
                88.30117                       214.26583
                88.40116                       214.62423
                88.50115                       214.98601
                88.60114                       215.35119
                88.70113                        215.7198
                88.80112                       216.09186
                88.90111                       216.46741
                 89.0011                       216.84646
                89.10109                       217.22904
                89.20108                       217.61519
                89.30107                       218.00492
                89.40106                       218.39827
                89.50105                       218.79526
                89.60104                       219.19593
                89.70103                       219.60029
                89.80102                       220.00838
                89.90101                       220.42023
                  90.001                       220.83586
                90.10099                       221.25533
                90.20098                       221.67865
                90.30097                       222.10583
                90.40096                       222.53691
                90.50095                       222.97192
                90.60094                       223.41088
                90.70093                       223.85382
                90.80092                       224.30078
                90.90091                       224.75178
                 91.0009                       225.20685
                91.10089                       225.66602
                91.20088                       226.12932
                91.30087                       226.59678
                91.40086                       227.06844
                91.50085                       227.54431
                91.60084                       228.02444
                91.70083                       228.50884
                91.80082                       228.99756
                91.90081                       229.49062
                 92.0008                       229.98806
                92.10079                        230.4899
                92.20078                       230.99618
                92.30077                       231.50692
                92.40076                       232.02216
                92.50075                       232.54194
                92.60074                       233.06627
                92.70073                        233.5952
                92.80072                       234.12875
                92.90071                       234.66696
                 93.0007                       235.20987
                93.10069                       235.75749
                93.20068                       236.30987
                93.30067                       236.86704
                93.40066                       237.42902
                93.50065                       237.99586
                93.60064                       238.56759
                93.70063                       239.14424
                93.80062                       239.72584
                93.90061                       240.31243
                 94.0006                       240.90403
                94.10059                       241.50069
                94.20058                       242.10244
                94.30057                       242.70932
                94.40056                       243.32134
                94.50055                       243.93856
                94.60054                         244.561
                94.70053                       245.18871
                94.80052                        245.8217
                94.90051                       246.46003
                 95.0005                       247.10372
                95.10049                       247.75281
                95.20048                       248.40733
                95.30047                       249.06733
                95.40046                       249.73283
                95.50045                       250.40387
                95.60044                       251.08048
                95.70043                       251.76271
                95.80042                       252.45059
                95.90041                       253.14415
                 96.0004                       253.84344
                96.10039                       254.54848
                96.20038                       255.25931
                96.30037                       255.97598
                96.40036                       256.69851
                96.50035                       257.42694
                96.60034                       258.16132
                96.70033                       258.90167
                96.80032                       259.64803
                96.90031                       260.40045
                 97.0003                       261.15896
                97.10029                       261.92359
                97.20028                       262.69439
                97.30027                       263.47138
                97.40026                       264.25462
                97.50025                       265.04413
                97.60024                       265.83995
                97.70023                       266.64213
                97.80022                        267.4507
                97.90021                       268.26569
                 98.0002                       269.08715
                98.10019                       269.91512
                98.20018                       270.74962
                98.30017                        271.5907
                98.40016                        272.4384
                98.50015                       273.29276
                98.60014                       274.15381
                98.70013                        275.0216
                98.80012                       275.89615
                98.90011                       276.77751
                 99.0001                       277.66572
                99.10009                       278.56082
                99.20008                       279.46283
                99.30007                       280.37181
                99.40006                       281.28779
                99.50005                       282.21081
                99.60004                        283.1409
                99.70003                        284.0781
                99.80002                       285.02246
                99.90001                         285.974
                     100                       286.93277

