                    0.01                     0.059629281
                 0.10999                      0.72566866
                 0.20998                       1.3858289
                 0.30997                       2.0400927
                 0.40996                        2.688486
                 0.50995                       3.3310397
                 0.60994                       3.9677862
                 0.70993                       4.5987577
                 0.80992                       5.2239869
                 0.90991                       5.8435066
                  1.0099                       6.4573492
                 1.10989                       7.0655474
                 1.20988                       7.6681336
                 1.30987                         8.26514
                 1.40986                       8.8565988
                 1.50985                       9.4425419
                 1.60984                       10.023001
                 1.70983                       10.598007
                 1.80982                       11.167591
                 1.90981                       11.731784
                  2.0098                       12.290616
                 2.10979                       12.844117
                 2.20978                       13.392316
                 2.30977                       13.935242
                 2.40976                       14.472923
                 2.50975                       15.005388
                 2.60974                       15.532664
                 2.70973                       16.054778
                 2.80972                       16.571755
                 2.90971                       17.083623
                  3.0097                       17.590404
                 3.10969                       18.092126
                 3.20968                        18.58881
                 3.30967                       19.159376
                 3.40966                       19.729655
                 3.50965                       20.299668
                 3.60964                       20.869432
                 3.70963                       21.438968
                 3.80962                       22.008293
                 3.90961                       22.577426
                  4.0096                       23.146385
                 4.10959                       23.715186
                 4.20958                       24.283848
                 4.30957                       24.852387
                 4.40956                       25.420819
                 4.50955                       25.989161
                 4.60954                       26.557429
                 4.70953                       27.125638
                 4.80952                       27.693804
                 4.90951                       28.261941
                  5.0095                       28.830063
                 5.10949                       29.398186
                 5.20948                       29.966324
                 5.30947                       30.534489
                 5.40946                       31.102696
                 5.50945                       31.670957
                 5.60944                       32.239286
                 5.70943                       32.807695
                 5.80942                       33.376197
                 5.90941                       33.944803
                  6.0094                       34.513526
                 6.10939                       35.082378
                 6.20938                       35.651369
                 6.30937                       36.220511
                 6.40936                       36.789816
                 6.50935                       37.359294
                 6.60934                       37.928955
                 6.70933                       38.498811
                 6.80932                       39.068871
                 6.90931                       39.639147
                  7.0093                       40.209647
                 7.10929                       40.780382
                 7.20928                       41.351362
                 7.30927                       41.922596
                 7.40926                       42.494094
                 7.50925                       43.065866
                 7.60924                       43.637919
                 7.70923                       44.210265
                 7.80922                       44.782912
                 7.90921                       45.355868
                  8.0092                       45.929144
                 8.10919                       46.502747
                 8.20918                       47.076688
                 8.30917                       47.650973
                 8.40916                       48.225613
                 8.50915                       48.800615
                 8.60914                       49.375988
                 8.70913                       49.951742
                 8.80912                       50.527883
                 8.90911                       51.104422
                  9.0091                       51.681366
                 9.10909                       52.258723
                 9.20908                       52.836502
                 9.30907                       53.414712
                 9.40906                       53.993361
                 9.50905                       54.572456
                 9.60904                       55.152007
                 9.70903                       55.732021
                 9.80902                       56.314351
                 9.90901                       56.897199
                  10.009                       57.480574
                10.10899                       58.064483
                10.20898                       58.648937
                10.30897                       59.233942
                10.40896                       59.819506
                10.50895                        60.40564
                10.60894                        60.99235
                10.70893                       61.579645
                10.80892                       62.167534
                10.90891                       62.756025
                 11.0089                       63.345126
                11.10889                       63.934846
                11.20888                       64.525193
                11.30887                       65.116175
                11.40886                       65.707802
                11.50885                       66.300082
                11.60884                       66.893022
                11.70883                       67.486633
                11.80882                       68.080921
                11.90881                       68.675897
                 12.0088                       69.271567
                12.10879                       69.867942
                12.20878                        70.46503
                12.30877                       71.062839
                12.40876                       71.661378
                12.50875                       72.260656
                12.60874                       72.860681
                12.70873                       73.461463
                12.80872                        74.06301
                12.90871                       74.665331
                 13.0087                       75.268435
                13.10869                        75.87233
                13.20868                       76.477026
                13.30867                       77.082532
                13.40866                       77.688856
                13.50865                       78.296007
                13.60864                       78.903995
                13.70863                       79.512829
                13.80862                       80.122516
                13.90861                       80.733068
                 14.0086                       81.344492
                14.10859                       81.956798
                14.20858                       82.569995
                14.30857                       83.184093
                14.40856                       83.799099
                14.50855                       84.415025
                14.60854                       85.031878
                14.70853                       85.649669
                14.80852                       86.268405
                14.90851                       86.888098
                 15.0085                       87.509322
                15.10849                       88.131529
                15.20848                       88.754728
                15.30847                       89.378928
                15.40846                       90.004139
                15.50845                       90.630371
                15.60844                       91.257633
                15.70843                       91.885934
                15.80842                       92.515284
                15.90841                       93.145693
                 16.0084                        93.77717
                16.10839                       94.409725
                16.20838                       95.043368
                16.30837                       95.678108
                16.40836                       96.313955
                16.50835                       96.950919
                16.60834                       97.589009
                16.70833                       98.228235
                16.80832                       98.868607
                16.90831                       99.510135
                 17.0083                       100.15283
                17.10829                        100.7967
                17.20828                       101.44175
                17.30827                         102.088
                17.40826                       102.73546
                17.50825                       103.38413
                17.60824                       104.03402
                17.70823                       104.68515
                17.80822                       105.33752
                17.90821                       105.99115
                 18.0082                       106.64605
                18.10819                       107.30222
                18.20818                       107.95967
                18.30817                       108.61842
                18.40816                       109.27847
                18.50815                       109.93984
                18.60814                       110.60254
                18.70813                       111.26656
                18.80812                       111.93194
                18.90811                       112.59867
                 19.0081                       113.26677
                19.10809                       113.93624
                19.20808                        114.6071
                19.30807                       115.27936
                19.40806                       115.95302
                19.50805                        116.6281
                19.60804                       117.30461
                19.70803                       117.98291
                19.80802                       118.66266
                19.90801                       119.34387
                  20.008                       120.02656
                20.10799                       120.71073
                20.20798                       121.39639
                20.30797                       122.08356
                20.40796                       122.77224
                20.50795                       123.46245
                20.60794                       124.15419
                20.70793                       124.84747
                20.80792                       125.54232
                20.90791                       126.23872
                 21.0079                       126.93671
                21.10789                       127.63628
                21.20788                       128.33745
                21.30787                       129.04022
                21.40786                       129.74462
                21.50785                       130.45065
                21.60784                       131.15831
                21.70783                       131.86762
                21.80782                        132.5786
                21.90781                       133.29125
                 22.0078                       134.00557
                22.10779                        134.7216
                22.20778                       135.43932
                22.30777                       136.15876
                22.40776                       136.87992
                22.50775                       137.60281
                22.60774                       138.32746
                22.70773                       139.05385
                22.80772                       139.78202
                22.90771                       140.51196
                 23.0077                       141.24369
                23.10769                       141.97722
                23.20768                       142.71255
                23.30767                       143.44971
                23.40766                        144.1887
                23.50765                       144.92953
                23.60764                       145.67221
                23.70763                       146.41675
                23.80762                       147.16317
                23.90761                       147.91147
                 24.0076                       148.66166
                24.10759                       149.41377
                24.20758                       150.16778
                24.30757                       150.92373
                24.40756                       151.68161
                24.50755                       152.44144
                24.60754                       153.20323
                24.70753                       153.96699
                24.80752                       154.73274
                24.90751                       155.50047
                      25                        156.2124
                 25.0075                       156.27023
                25.10749                       157.04235
                25.20748                       157.81649
                25.30747                       158.59268
                25.40746                       159.37091
                25.50745                        160.1512
                25.60744                       160.93356
                25.70743                       161.71801
                25.80742                       162.50455
                25.90741                       163.29319
                 26.0074                       164.08394
                26.10739                       164.87682
                26.20738                       165.67184
                26.30737                         166.469
                26.40736                       167.26832
                26.50735                       168.06981
                26.60734                       168.87348
                26.70733                       169.67934
                26.80732                       170.48741
                26.90731                       171.29768
                 27.0073                       172.11018
                27.10729                       172.92491
                27.20728                       173.74188
                27.30727                       174.56112
                27.40726                       175.38261
                27.50725                       176.20639
                27.60724                       177.03245
                27.70723                       177.86082
                27.80722                       178.69149
                27.90721                       179.52449
                 28.0072                       180.35982
                28.10719                       181.19749
                28.20718                       182.03752
                28.30717                       182.87991
                28.40716                       183.72467
                28.50715                       184.57183
                28.60714                       185.42138
                28.70713                       186.27334
                28.80712                       187.12772
                28.90711                       187.98453
                 29.0071                       188.84378
                29.10709                       189.70549
                29.20708                       190.56965
                29.30707                        191.4363
                29.40706                       192.30542
                29.50705                       193.17705
                29.60704                       194.05118
                29.70703                       194.92783
                29.80702                       195.80701
                29.90701                       196.68872
                  30.007                       197.57299
                30.10699                       198.45982
                30.20698                       199.34922
                30.30697                       200.24121
                30.40696                       201.13579
                30.50695                       202.03297
                30.60694                       202.93277
                30.70693                        203.8352
                30.80692                       204.74026
                30.90691                       205.64797
                 31.0069                       206.55834
                31.10689                       207.47138
                31.20688                        208.3871
                31.30687                       209.30552
                31.40686                       210.22663
                31.50685                       211.15046
                31.60684                         212.077
                31.70683                       213.00629
                31.80682                       213.93831
                31.90681                       214.87309
                 32.0068                       215.81064
                32.10679                       216.75096
                32.20678                       217.69407
                32.30677                       218.63997
                32.40676                       219.58868
                32.50675                       220.54021
                32.60674                       221.49456
                32.70673                       222.45175
                32.80672                       223.41179
                32.90671                       224.37469
                 33.0067                       225.34045
                33.10669                       226.30909
                33.20668                       227.28062
                33.30667                       228.25504
                33.40666                       229.23238
                33.50665                       230.21262
                33.60664                        231.1958
                33.70663                       232.18191
                33.80662                       233.17096
                33.90661                       234.16297
                 34.0066                       235.15794
                34.10659                       236.15588
                34.20658                        237.1568
                34.30657                       238.16071
                34.40656                       239.16762
                34.50655                       240.17754
                34.60654                       241.19047
                34.70653                       242.20642
                34.80652                        243.2254
                34.90651                       244.24743
                 35.0065                        245.2725
                35.10649                       246.30062
                35.20648                        247.3318
                35.30647                       248.36606
                35.40646                       249.40338
                35.50645                       250.44379
                35.60644                       251.48729
                35.70643                       252.53388
                35.80642                       253.58357
                35.90641                       254.63636
                 36.0064                       255.69227
                36.10639                       256.75171
                36.20638                       257.81427
                36.30637                       258.87996
                36.40636                       259.94878
                36.50635                       261.02073
                36.60634                       262.09583
                36.70633                       263.17406
                36.80632                       264.25544
                36.90631                       265.33997
                 37.0063                       266.42764
                37.10629                       267.51846
                37.20628                       268.61243
                37.30627                       269.70955
                37.40626                       270.80981
                37.50625                       271.91322
                37.60624                       273.01978
                37.70623                       274.12948
                37.80622                       275.24232
                37.90621                        276.3583
                 38.0062                        277.4774
                38.10619                       278.59964
                38.20618                       279.72499
                38.30617                       280.85346
                38.40616                       281.98503
                38.50615                       283.11971
                38.60614                       284.25747
                38.70613                        285.3983
                38.80612                       286.54221
                38.90611                       287.68917
                 39.0061                       288.83917
                39.10609                       289.99219
                39.20608                       291.14823
                39.30607                       292.30726
                39.40606                       293.46927
                39.50605                       294.63423
                39.60604                       295.80213
                39.70603                       296.97294
                39.80602                       298.14664
                39.90601                        299.3232
                  40.006                       300.50261
                40.10599                       301.68481
                40.20598                        302.8698
                40.30597                       304.05753
                40.40596                       305.24798
                40.50595                        306.4411
                40.60594                       307.63686
                40.70593                       308.83521
                40.80592                       310.03612
                40.90591                       311.23955
                 41.0059                       312.44544
                41.10589                       313.65375
                41.20588                       314.86442
                41.30587                        316.0774
                41.40586                       317.29264
                41.50585                       318.51008
                41.60584                       319.72965
                41.70583                       320.95129
                41.80582                       322.17494
                41.90581                       323.40052
                 42.0058                       324.62796
                42.10579                       325.85718
                42.20578                       327.08811
                42.30577                       328.32066
                42.40576                       329.55475
                42.50575                       330.79029
                42.60574                       332.02718
                42.70573                       333.26534
                42.80572                       334.50466
                42.90571                       335.74505
                 43.0057                        336.9864
                43.10569                        338.2286
                43.20568                       339.47154
                43.30567                       340.71511
                43.40566                        341.9592
                43.50565                       343.20368
                43.60564                       344.44843
                43.70563                       345.69334
                43.80562                       346.93828
                43.90561                       348.18313
                 44.0056                       349.42775
                44.10559                       350.67202
                44.20558                       351.91581
                44.30557                       353.15899
                44.40556                       354.40145
                44.50555                       355.64305
                44.60554                       356.88366
                44.70553                       358.12318
                44.80552                       359.36149
                44.90551                       360.59847
                 45.0055                       361.83402
                45.10549                       363.06805
                45.20548                       364.30047
                45.30547                       365.53119
                45.40546                       366.76015
                45.50545                       367.98729
                45.60544                       369.21257
                45.70543                       370.43597
                45.80542                       371.65748
                45.90541                       372.87711
                 46.0054                       374.09488
                46.10539                       375.31085
                46.20538                       376.52511
                46.30537                       377.73774
                46.40536                       378.94889
                46.50535                       380.15872
                46.60534                        381.3674
                46.70533                       382.57518
                46.80532                       383.78229
                46.90531                       384.98904
                 47.0053                       386.19574
                47.10529                       387.40276
                47.20528                       388.61049
                47.30527                       389.81936
                47.40526                       391.02984
                47.50525                       392.24241
                47.60524                       393.45761
                47.70523                         394.676
                47.80522                       395.89817
                47.90521                       397.12471
                 48.0052                       398.35627
                48.10519                       399.59349
                48.20518                       400.83704
                48.30517                       402.08757
                48.40516                       403.34578
                48.50515                       404.61232
                48.60514                       405.88787
                48.70513                       407.17308
                48.80512                        408.4686
                48.90511                       409.77504
                 49.0051                       411.09301
                49.10509                       412.42308
                49.20508                       413.76582
                49.30507                       415.12178
                49.40506                       416.49154
                49.50505                       417.87572
                49.60504                       419.27521
                49.70503                       420.69145
                49.80502                       422.12794
                49.90501                        423.5924
                      50                       423.61443
                  50.005                       423.58969
                50.10499                       426.31576
                50.20498                       427.86488
                50.30497                       429.38105
                50.40496                       430.90052
                50.50495                       432.42972
                50.60494                       433.97047
                50.70493                       435.52333
                50.80492                       437.08833
                50.90491                       438.66529
                 51.0049                       440.25395
                51.10489                       441.85386
                51.20488                       443.46457
                51.30487                       445.08559
                51.40486                       446.71639
                51.50485                       448.35643
                51.60484                       450.00514
                51.70483                       451.66195
                51.80482                       453.32629
                51.90481                       454.99755
                 52.0048                       456.67516
                52.10479                       458.35854
                52.20478                        460.0471
                52.30477                       461.74027
                52.40476                        463.4375
                52.50475                       465.13822
                52.60474                        466.8419
                52.70473                         468.548
                52.80472                       470.25602
                52.90471                       471.96544
                 53.0047                       473.67578
                53.10469                       475.38657
                53.20468                       477.09734
                53.30467                       478.80765
                53.40466                       480.51707
                53.50465                       482.22517
                53.60464                       483.93156
                53.70463                       485.63584
                53.80462                       487.33763
                53.90461                       489.03657
                 54.0046                       490.73239
                54.10459                       492.42466
                54.20458                       494.11304
                54.30457                       495.79721
                54.40456                       497.47684
                54.50455                       499.15164
                54.60454                       500.82129
                54.70453                       502.48552
                54.80452                       504.14404
                54.90451                       505.79656
                 55.0045                       507.44282
                55.10449                       509.08255
                55.20448                       510.71548
                55.30447                       512.34136
                55.40446                       513.95993
                55.50445                       515.57095
                55.60444                       517.17417
                55.70443                       518.76934
                55.80442                       520.35622
                55.90441                       521.93458
                 56.0044                       523.50418
                56.10439                       525.06478
                56.20438                       526.61615
                56.30437                       528.15807
                56.40436                       529.69029
                56.50435                        531.2126
                56.60434                       532.72476
                56.70433                       534.22656
                56.80432                       535.71775
                56.90431                       537.19812
                 57.0043                       538.66745
                57.10429                        540.1255
                57.20428                       541.57206
                57.30427                       543.00691
                57.40426                       544.42981
                57.50425                       545.84056
                57.60424                       547.23893
                57.70423                        548.6247
                57.80422                       549.99764
                57.90421                       551.35755
                 58.0042                        552.7042
                58.10419                       554.03737
                58.20418                       555.35685
                58.30417                       556.66242
                58.40416                       557.95387
                58.50415                       559.23098
                58.60414                       560.49353
                58.70413                       561.74133
                58.80412                       562.97415
                58.90411                       564.19179
                 59.0041                       565.39404
                59.10409                       566.58069
                59.20408                       567.75154
                59.30407                       568.90639
                59.40406                       570.04503
                59.50405                       571.16728
                59.60404                       572.27292
                59.70403                       573.36178
                59.80402                       574.43365
                59.90401                       575.48854
                  60.004                       576.52608
                60.10399                       577.54608
                60.20398                       578.54836
                60.30397                       579.53274
                60.40396                       580.49905
                60.50395                       581.44712
                60.60394                       582.37678
                60.70393                       583.28787
                60.80392                       584.18022
                60.90391                       585.05369
                 61.0039                       585.90812
                61.10389                       586.74336
                61.20388                       587.55927
                61.30387                       588.35571
                61.40386                       589.13254
                61.50385                       589.88964
                61.60384                       590.62688
                61.70383                       591.34414
                61.80382                       592.04131
                61.90381                       592.71826
                 62.0038                       593.37491
                62.10379                       594.01114
                62.20378                       594.62686
                62.30377                       595.22198
                62.40376                       595.79642
                62.50375                        596.3501
                62.60374                       596.88294
                62.70373                       597.39488
                62.80372                       597.88585
                62.90371                       598.35579
                 63.0037                       598.80467
                63.10369                       599.23242
                63.20368                       599.63902
                63.30367                       600.02442
                63.40366                       600.38861
                63.50365                       600.73155
                63.60364                       601.05324
                63.70363                       601.35367
                63.80362                       601.63283
                63.90361                       601.89072
                 64.0036                       602.12736
                64.10359                       602.34275
                64.20358                       602.53692
                64.30357                       602.70989
                64.40356                        602.8617
                64.50355                       602.99239
                64.60354                       603.10199
                64.70353                       603.19057
                64.80352                       603.25816
                64.90351                       603.30485
                 65.0035                       603.33068
                65.10349                       603.33575
                65.20348                       603.32012
                65.30347                       603.28387
                65.40346                       603.22711
                65.50345                       603.14991
                65.60344                       603.05239
                65.70343                       602.93465
                65.80342                        602.7968
                65.90341                       602.63895
                 66.0034                       602.46122
                66.10339                       602.26375
                66.20338                       602.04665
                66.30337                       601.81007
                66.40336                       601.55414
                66.50335                       601.27901
                66.60334                       600.98483
                66.70333                       600.67174
                66.80332                       600.33991
                66.90331                       599.98949
                 67.0033                       599.62064
                67.10329                       599.23355
                67.20328                       598.82837
                67.30327                       598.40529
                67.40326                       597.96447
                67.50325                       597.50611
                67.60324                       597.03039
                67.70323                       596.53749
                67.80322                       596.02761
                67.90321                       595.50095
                 68.0032                       594.95768
                68.10319                       594.39803
                68.20318                       593.82218
                68.30317                       593.23033
                68.40316                       592.62271
                68.50315                        591.9995
                68.60314                       591.36093
                68.70313                        590.7072
                68.80312                       590.03853
                68.90311                       589.35512
                 69.0031                        588.6572
                69.10309                       587.94498
                69.20308                       587.21868
                69.30307                       586.47851
                69.40306                       585.72471
                69.50305                       584.95748
                69.60304                       584.17705
                69.70303                       583.38365
                69.80302                       582.57748
                69.90301                       581.75878
                  70.003                       580.92777
                70.10299                       580.08467
                70.20298                       579.22971
                70.30297                       578.36309
                70.40296                       577.48506
                70.50295                       576.59583
                70.60294                       575.69562
                70.70293                       574.78465
                70.80292                       573.86315
                70.90291                       572.93134
                 71.0029                       571.98942
                71.10289                       571.03763
                71.20288                       570.07618
                71.30287                       569.10529
                71.40286                       568.12516
                71.50285                       567.13603
                71.60284                       566.13809
                71.70283                       565.13157
                71.80282                       564.11666
                71.90281                       563.09359
                 72.0028                       562.06256
                72.10279                       561.02378
                72.20278                       559.97745
                72.30277                       558.92377
                72.40276                       557.86294
                72.50275                       556.79517
                72.60274                       555.72066
                72.70273                       554.63959
                72.80272                       553.55217
                72.90271                       552.45858
                 73.0027                       551.35902
                73.10269                       550.25368
                73.20268                       549.14274
                73.30267                       548.02639
                73.40266                        546.9048
                73.50265                       545.77817
                73.60264                       544.64666
                73.70263                       543.51046
                73.80262                       542.36974
                73.90261                       541.22467
                 74.0026                       540.07542
                74.10259                       538.92215
                74.20258                       537.76505
                74.30257                       536.60426
                74.40256                       535.43994
                74.50255                       534.27227
                74.60254                       533.10139
                74.70253                       531.92746
                74.80252                       530.75062
                74.90251                       529.57104
                 75.0025                       528.38886
                75.10249                       527.20439
                75.20248                        526.0176
                75.30247                       524.82864
                75.40246                       523.63765
                75.50245                       522.44476
                75.60244                        521.2501
                75.70243                       520.05381
                75.80242                       518.85602
                75.90241                       517.65685
                 76.0024                       516.45643
                76.10239                       515.25488
                76.20238                       514.05233
                76.30237                        512.8489
                76.40236                       511.64469
                76.50235                       510.43982
                76.60234                       509.23441
                76.70233                       508.02857
                76.80232                       506.82241
                76.90231                       505.61602
                 77.0023                       504.40952
                77.10229                       503.20301
                77.20228                       501.99658
                77.30227                       500.79034
                77.40226                       499.58438
                77.50225                        498.3788
                77.60224                       497.17369
                77.70223                       495.96913
                77.80222                       494.76522
                77.90221                       493.56204
                 78.0022                       492.35968
                78.10219                       491.15822
                78.20218                       489.95774
                78.30217                       488.75832
                78.40216                       487.56004
                78.50215                       486.36297
                78.60214                       485.16719
                78.70213                       483.97277
                78.80212                       482.77978
                78.90211                       481.58829
                 79.0021                       480.39836
                79.10209                       479.21006
                79.20208                       478.02347
                79.30207                       476.83863
                79.40206                        475.6556
                79.50205                       474.47446
                79.60204                       473.29525
                79.70203                       472.11804
                79.80202                       470.94287
                79.90201                       469.76981
                  80.002                        468.5989
                80.10199                       467.43019
                80.20198                       466.26373
                80.30197                       465.09958
                80.40196                       463.93778
                80.50195                       462.77836
                80.60194                       461.62139
                80.70193                       460.46689
                80.80192                       459.31492
                80.90191                       458.16551
                 81.0019                        457.0187
                81.10189                       455.87453
                81.20188                       454.73304
                81.30187                       453.59425
                81.40186                       452.45822
                81.50185                       451.32496
                81.60184                       450.19452
                81.70183                       449.06691
                81.80182                       447.94219
                81.90181                       446.82036
                 82.0018                       445.70147
                82.10179                       444.58554
                82.20178                       443.47259
                82.30177                       442.36265
                82.40176                       441.25574
                82.50175                        440.1519
                82.60174                       439.05114
                82.70173                       437.95347
                82.80172                       436.85894
                82.90171                       435.76754
                 83.0017                       434.67932
                83.10169                       433.59427
                83.20168                       432.51242
                83.30167                       431.43379
                83.40166                       430.35839
                83.50165                       429.28624
                83.60164                       428.21735
                83.70163                       427.15174
                83.80162                       426.08942
                83.90161                       425.03041
                 84.0016                        423.9747
                84.10159                       422.92233
                84.20158                       421.87329
                84.30157                        420.8276
                84.40156                       419.78526
                84.50155                       418.74629
                84.60154                       417.71069
                84.70153                       416.67848
                84.80152                       415.64965
                84.90151                       414.62422
                 85.0015                       413.60219
                85.10149                       412.58357
                85.20148                       411.56835
                85.30147                       410.55656
                85.40146                       409.54818
                85.50145                       408.54323
                85.60144                       407.54171
                85.70143                       406.54361
                85.80142                       405.54895
                85.90141                       404.55772
                 86.0014                       403.56993
                86.10139                       402.58557
                86.20138                       401.60465
                86.30137                       400.62717
                86.40136                       399.65312
                86.50135                       398.68251
                86.60134                       397.71534
                86.70133                        396.7516
                86.80132                       395.79129
                86.90131                       394.83442
                 87.0013                       393.88097
                87.10129                       392.93095
                87.20128                       391.98435
                87.30127                       391.04117
                87.40126                       390.10141
                87.50125                       389.16506
                87.60124                       388.23211
                87.70123                       387.30258
                87.80122                       386.37644
                87.90121                       385.45369
                 88.0012                       384.53434
                88.10119                       383.61837
                88.20118                       382.70578
                88.30117                       381.79656
                88.40116                       380.89071
                88.50115                       379.98822
                88.60114                       379.08909
                88.70113                        378.1933
                88.80112                       377.30086
                88.90111                       376.41174
                 89.0011                       375.52596
                89.10109                       374.64349
                89.20108                       373.76434
                89.30107                       372.88849
                89.40106                       372.01594
                89.50105                       371.14667
                89.60104                       370.28069
                89.70103                       369.41797
                89.80102                       368.55852
                89.90101                       367.70233
                  90.001                       366.84938
                90.10099                       365.99966
                90.20098                       365.15318
                90.30097                       364.30991
                90.40096                       363.46986
                90.50095                         362.633
                90.60094                       361.79934
                90.70093                       360.96886
                90.80092                       360.14161
                90.90091                       359.31752
                 91.0009                       358.49658
                91.10089                       357.67879
                91.20088                       356.86412
                91.30087                       356.05258
                91.40086                       355.24415
                91.50085                       354.43883
                91.60084                       353.63659
                91.70083                       352.83743
                91.80082                       352.04135
                91.90081                       351.24832
                 92.0008                       350.45834
                92.10079                        349.6714
                92.20078                       348.88749
                92.30077                       348.10659
                92.40076                       347.32871
                92.50075                       346.55381
                92.60074                        345.7819
                92.70073                       345.01297
                92.80072                       344.24699
                92.90071                       343.48397
                 93.0007                       342.72389
                93.10069                       341.96674
                93.20068                       341.21251
                93.30067                       340.46118
                93.40066                       339.71275
                93.50065                       338.96721
                93.60064                       338.22453
                93.70063                       337.48473
                93.80062                       336.74777
                93.90061                       336.01365
                 94.0006                       335.28236
                94.10059                       334.55389
                94.20058                       333.82823
                94.30057                       333.10536
                94.40056                       332.38527
                94.50055                       331.66796
                94.60054                       330.95341
                94.70053                       330.24161
                94.80052                       329.53254
                94.90051                       328.82621
                 95.0005                       328.12258
                95.10049                       327.42167
                95.20048                       326.72345
                95.30047                       326.02791
                95.40046                       325.33504
                95.50045                       324.64483
                95.60044                       323.95727
                95.70043                       323.27234
                95.80042                       322.59004
                95.90041                       321.91036
                 96.0004                       321.23328
                96.10039                       320.55879
                96.20038                       319.88688
                96.30037                       319.21754
                96.40036                       318.55076
                96.50035                       317.88653
                96.60034                       317.22484
                96.70033                       316.56567
                96.80032                       315.90901
                96.90031                       315.25486
                 97.0003                        314.6032
                97.10029                       313.95403
                97.20028                       313.30732
                97.30027                       312.66307
                97.40026                       312.02127
                97.50025                       311.38191
                97.60024                       310.74497
                97.70023                       310.11045
                97.80022                       309.47834
                97.90021                       308.84862
                 98.0002                       308.22128
                98.10019                       307.59632
                98.20018                       306.97372
                98.30017                       306.35347
                98.40016                       305.73556
                98.50015                       305.11998
                98.60014                       304.50672
                98.70013                       303.89578
                98.80012                       303.28712
                98.90011                       302.68076
                 99.0001                       302.07668
                99.10009                       301.47486
                99.20008                        300.8753
                99.30007                       300.27799
                99.40006                       299.68291
                99.50005                       299.09006
                99.60004                       298.49943
                99.70003                         297.911
                99.80002                       297.32477
                99.90001                       296.74072
                     100                       296.15885

