                   0.01                      0.03164409
                 0.10999                      0.39826895
                 0.20998                      0.76505857
                 0.30997                       1.1318601
                 0.40996                       1.4986643
                 0.50995                       1.8654741
                 0.60994                       2.2322951
                 0.70993                       2.5991332
                 0.80992                       2.9659948
                 0.90991                       3.3328863
                  1.0099                       3.6998141
                 1.10989                       4.0667847
                 1.20988                       4.4338046
                 1.30987                       4.8008804
                 1.40986                       5.1680186
                 1.50985                       5.5352256
                 1.60984                       5.9025082
                 1.70983                       6.2698727
                 1.80982                       6.6373256
                 1.90981                       7.0048737
                  2.0098                       7.3725233
                 2.10979                       7.7402809
                 2.20978                       8.1081532
                 2.30977                       8.4761466
                 2.40976                       8.8442677
                 2.50975                       9.2125229
                 2.60974                       9.5809188
                 2.70973                       9.9494618
                 2.80972                       10.318159
                 2.90971                       10.687015
                  3.0097                       11.056039
                 3.10969                       11.425236
                 3.20968                       11.794612
                 3.30967                       12.164174
                 3.40966                       12.533929
                 3.50965                       12.903883
                 3.60964                       13.274043
                 3.70963                       13.644414
                 3.80962                       14.015004
                 3.90961                       14.385819
                  4.0096                       14.756865
                 4.10959                       15.128148
                 4.20958                       15.499676
                 4.30957                       15.871454
                 4.40956                       16.243489
                 4.50955                       16.615788
                 4.60954                       16.988356
                 4.70953                         17.3612
                 4.80952                       17.734327
                 4.90951                       18.107742
                  5.0095                       18.481453
                 5.10949                       18.855465
                 5.20948                       19.229785
                 5.30947                       19.604419
                 5.40946                       19.979374
                 5.50945                       20.354656
                 5.60944                        20.73027
                 5.70943                       21.106224
                 5.80942                       21.471331
                 5.90941                       21.836408
                  6.0094                       22.201462
                 6.10939                       22.566499
                 6.20938                       22.931526
                 6.30937                       23.296549
                 6.40936                       23.661574
                 6.50935                       24.026606
                 6.60934                       24.391653
                 6.70933                        24.75672
                 6.80932                       25.121814
                 6.90931                        25.48694
                  7.0093                       25.852104
                 7.10929                       26.217313
                 7.20928                       26.582573
                 7.30927                       26.947889
                 7.40926                       27.313267
                 7.50925                       27.678713
                 7.60924                       28.044234
                 7.70923                       28.409835
                 7.80922                       28.775522
                 7.90921                       29.141301
                  8.0092                       29.507177
                 8.10919                       29.873157
                 8.20918                       30.239246
                 8.30917                       30.605449
                 8.40916                       30.971773
                 8.50915                       31.338224
                 8.60914                       31.704806
                 8.70913                       32.071526
                 8.80912                       32.438389
                 8.90911                         32.8054
                  9.0091                       33.172566
                 9.10909                       33.539892
                 9.20908                       33.907383
                 9.30907                       34.275045
                 9.40906                       34.642883
                 9.50905                       35.010903
                 9.60904                        35.37911
                 9.70903                       35.747509
                 9.80902                       36.116107
                 9.90901                       36.484907
                  10.009                       36.853916
                10.10899                       37.223139
                10.20898                       37.592581
                10.30897                       37.962247
                10.40896                       38.332143
                10.50895                       38.702274
                10.60894                       39.072644
                10.70893                       39.443259
                10.80892                       39.814124
                10.90891                       40.185245
                 11.0089                       40.556625
                11.10889                       40.928271
                11.20888                       41.300187
                11.30887                       41.672378
                11.40886                       42.044849
                11.50885                       42.417605
                11.60884                       42.790651
                11.70883                       43.163991
                11.80882                       43.537631
                11.90881                       43.911575
                 12.0088                       44.285828
                12.10879                       44.660395
                12.20878                       45.035279
                12.30877                       45.410487
                12.40876                       45.786022
                12.50875                       46.161889
                12.60874                       46.538093
                12.70873                       46.914638
                12.80872                       47.291528
                12.90871                       47.668768
                 13.0087                       48.046361
                13.10869                       48.424313
                13.20868                       48.802628
                13.30867                       49.181309
                13.40866                       49.560361
                13.50865                       49.939788
                13.60864                       50.319594
                13.70863                       50.699782
                13.80862                       51.080357
                13.90861                       51.461322
                 14.0086                       51.842681
                14.10859                        52.22528
                14.20858                       52.608293
                14.30857                       52.991722
                14.40856                       53.375572
                14.50855                       53.759845
                14.60854                       54.144544
                14.70853                       54.529672
                14.80852                       54.915232
                14.90851                       55.301227
                 15.0085                       55.687658
                15.10849                       56.074529
                15.20848                       56.461842
                15.30847                       56.849598
                15.40846                       57.237798
                15.50845                       57.626445
                15.60844                       58.015539
                15.70843                       58.405082
                15.80842                       58.795072
                15.90841                       59.185512
                 16.0084                         59.5764
                16.10839                       59.967735
                16.20838                       60.359517
                16.30837                       60.751742
                16.40836                        61.14441
                16.50835                       61.537517
                16.60834                       61.931058
                16.70833                       62.325029
                16.80832                       62.719425
                16.90831                       63.114239
                 17.0083                       63.509462
                17.10829                       63.905085
                17.20828                       64.301097
                17.30827                       64.697486
                17.40826                       65.094237
                17.50825                       65.491334
                17.60824                       65.888756
                17.70823                       66.286481
                17.80822                       66.684484
                17.90821                       67.082736
                 18.0082                       67.481201
                18.10819                       67.879842
                18.20818                       68.278613
                18.30817                       68.677462
                18.40816                        69.07633
                18.50815                       69.475149
                18.60814                       69.873838
                18.70813                       70.272307
                18.80812                       70.670452
                18.90811                        71.06815
                 19.0081                       71.465264
                19.10809                       71.861636
                19.20808                       72.257087
                19.30807                       72.651417
                19.40806                       73.044408
                19.50805                       73.435827
                19.60804                        73.82544
                19.70803                       74.213037
                19.80802                       74.598471
                19.90801                       74.981731
                  20.008                        75.36305
                20.10799                       75.743079
                20.20798                       76.123113
                20.30797                       76.505369
                20.40796                       76.893236
                20.50795                       77.291302
                20.60794                       77.704903
                20.70793                        78.13895
                20.80792                       78.596176
                20.90791                       79.075593
                 21.0079                       79.572219
                21.10789                       80.078514
                21.20788                       80.586724
                21.30787                        81.09079
                21.40786                       81.587108
                21.50785                       82.074278
                21.60784                       82.552421
                21.70783                       83.022486
                21.80782                        83.48575
                21.90781                       83.943518
                 22.0078                       84.396979
                22.10779                       84.847151
                22.20778                       85.294873
                22.30777                       85.740825
                22.40776                       86.185551
                22.50775                       86.629482
                22.60774                        87.07296
                22.70773                       87.516259
                22.80772                       87.959594
                22.90771                       88.403139
                 23.0077                       88.847032
                23.10769                       89.291385
                23.20768                       89.736288
                23.30767                       90.181817
                23.40766                       90.628032
                23.50765                       91.074984
                23.60764                       91.522713
                23.70763                       91.971257
                23.80762                       92.420644
                23.90761                         92.8709
                 24.0076                       93.322048
                24.10759                       93.774107
                24.20758                       94.227093
                24.30757                       94.681022
                24.40756                       95.135907
                24.50755                       95.591761
                24.60754                       96.048594
                24.70753                       96.506417
                24.80752                       96.965239
                24.90751                       97.425071
                      25                       97.851316
                 25.0075                        97.88594
                25.10749                       98.348202
                25.20748                       98.811501
                25.30747                       99.275845
                25.40746                        99.74124
                25.50745                        100.2077
                25.60744                       100.67522
                25.70743                       101.14381
                25.80742                       101.61349
                25.90741                       102.08425
                 26.0074                        102.5561
                26.10739                       103.02906
                26.20738                       103.50312
                26.30737                        103.9783
                26.40736                        104.4546
                26.50735                       104.93203
                26.60734                       105.41059
                26.70733                       105.89029
                26.80732                       106.37114
                26.90731                       106.85315
                 27.0073                       107.33632
                27.10729                       107.82066
                27.20728                       108.30617
                27.30727                       108.79287
                27.40726                       109.28076
                27.50725                       109.76984
                27.60724                       110.26013
                27.70723                       110.75163
                27.80722                       111.24435
                27.90721                        111.7383
                 28.0072                       112.23348
                28.10719                        112.7299
                28.20718                       113.22757
                28.30717                        113.7265
                28.40716                       114.22669
                28.50715                       114.72815
                28.60714                        115.2309
                28.70713                       115.73493
                28.80712                       116.24025
                28.90711                       116.74688
                 29.0071                       117.25482
                29.10709                       117.76408
                29.20708                       118.27466
                29.30707                       118.78658
                29.40706                       119.29985
                29.50705                       119.81446
                29.60704                       120.33044
                29.70703                       120.84779
                29.80702                       121.36651
                29.90701                       121.88662
                  30.007                       122.40812
                30.10699                       122.93103
                30.20698                       123.45535
                30.30697                       123.98109
                30.40696                       124.50826
                30.50695                       125.03687
                30.60694                       125.56693
                30.70693                       126.09844
                30.80692                       126.63143
                30.90691                       127.16588
                 31.0069                       127.70183
                31.10689                       128.23926
                31.20688                        128.7782
                31.30687                       129.31866
                31.40686                       129.86063
                31.50685                       130.40415
                31.60684                        130.9492
                31.70683                       131.49581
                31.80682                       132.04397
                31.90681                       132.59372
                 32.0068                       133.14504
                32.10679                       133.69796
                32.20678                       134.25248
                32.30677                       134.80862
                32.40676                       135.36638
                32.50675                       135.92577
                32.60674                       136.48682
                32.70673                       137.04951
                32.80672                       137.61388
                32.90671                       138.17992
                 33.0067                       138.74765
                33.10669                       139.31709
                33.20668                       139.88823
                33.30667                        140.4611
                33.40666                        141.0357
                33.50665                       141.61204
                33.60664                       142.19015
                33.70663                       142.77002
                33.80662                       143.35168
                33.90661                       143.93512
                 34.0066                       144.52037
                34.10659                       145.10744
                34.20658                       145.69634
                34.30657                       146.28707
                34.40656                       146.87991
                34.50655                       147.47462
                34.60654                       148.07121
                34.70653                       148.66969
                34.80652                       149.27008
                34.90651                       149.87238
                 35.0065                       150.47662
                35.10649                        151.0828
                35.20648                       151.69095
                35.30647                       152.30106
                35.40646                       152.91316
                35.50645                       153.52725
                35.60644                       154.14336
                35.70643                        154.7615
                35.80642                       155.38168
                35.90641                       156.00391
                 36.0064                       156.62821
                36.10639                       157.25459
                36.20638                       157.88307
                36.30637                       158.51366
                36.40636                       159.14638
                36.50635                       159.78124
                36.60634                       160.41826
                36.70633                       161.05745
                36.80632                       161.69882
                36.90631                        162.3424
                 37.0063                       162.98819
                37.10629                       163.63622
                37.20628                        164.2865
                37.30627                       164.93904
                37.40626                       165.59387
                37.50625                       166.25099
                37.60624                       166.91043
                37.70623                        167.5722
                37.80622                       168.23631
                37.90621                       168.90279
                 38.0062                       169.57165
                38.10619                       170.24291
                38.20618                       170.91658
                38.30617                       171.59269
                38.40616                       172.27125
                38.50615                       172.95227
                38.60614                       173.63579
                38.70613                        174.3218
                38.80612                       175.01034
                38.90611                       175.70143
                 39.0061                       176.39507
                39.10609                       177.09129
                39.20608                       177.79011
                39.30607                       178.49155
                39.40606                       179.19563
                39.50605                       179.90236
                39.60604                       180.61177
                39.70603                       181.32387
                39.80602                       182.03869
                39.90601                       182.75625
                  40.006                       183.47657
                40.10599                       184.19966
                40.20598                       184.92555
                40.30597                       185.65427
                40.40596                       186.38583
                40.50595                       187.12025
                40.60594                       187.85755
                40.70593                       188.59777
                40.80592                       189.34091
                40.90591                       190.08701
                 41.0059                       190.83608
                41.10589                       191.58815
                41.20588                       192.34324
                41.30587                       193.10138
                41.40586                       193.86259
                41.50585                       194.62689
                41.60584                       195.39431
                41.70583                       196.16487
                41.80582                       196.93859
                41.90581                       197.71551
                 42.0058                       198.49565
                42.10579                       199.27903
                42.20578                       200.06568
                42.30577                       200.85562
                42.40576                       201.64888
                42.50575                        202.4455
                42.60574                       203.24548
                42.70573                       204.04888
                42.80572                        204.8557
                42.90571                       205.66598
                 43.0057                       206.47975
                43.10569                       207.29703
                43.20568                       208.11786
                43.30567                       208.94226
                43.40566                       209.77026
                43.50565                        210.6019
                43.60564                       211.43721
                43.70563                       212.27621
                43.80562                       213.11893
                43.90561                       213.96541
                 44.0056                       214.81569
                44.10559                       215.66978
                44.20558                       216.52773
                44.30557                       217.38957
                44.40556                       218.25533
                44.50555                       219.12505
                44.60554                       219.99876
                44.70553                       220.87649
                44.80552                       221.75829
                44.90551                       222.64418
                 45.0055                        223.5342
                45.10549                        224.4284
                45.20548                        225.3268
                45.30547                       226.22945
                45.40546                       227.13638
                45.50545                       228.04764
                45.60544                       228.96326
                45.70543                       229.88329
                45.80542                       230.80776
                45.90541                       231.73671
                 46.0054                       232.67019
                46.10539                       233.60825
                46.20538                       234.55092
                46.30537                       235.49825
                46.40536                       236.45028
                46.50535                       237.40706
                46.60534                       238.36864
                46.70533                       239.33506
                46.80532                       240.30638
                46.90531                       241.28263
                 47.0053                       242.26388
                47.10529                       243.25017
                47.20528                       244.24155
                47.30527                       245.23808
                47.40526                       246.23981
                47.50525                        247.2468
                47.60524                        248.2591
                47.70523                       249.27677
                47.80522                       250.29988
                47.90521                       251.32847
                 48.0052                       252.36261
                48.10519                       253.40237
                48.20518                        254.4478
                48.30517                       255.49899
                48.40516                       256.55598
                48.50515                       257.61886
                48.60514                        258.6877
                48.70513                       259.76256
                48.80512                       260.84353
                48.90511                       261.93069
                 49.0051                       263.02411
                49.10509                       264.12388
                49.20508                       265.23008
                49.30507                       266.34281
                49.40506                       267.46216
                49.50505                       268.58822
                49.60504                       269.72109
                49.70503                       270.86089
                49.80502                        272.0077
                49.90501                       273.16166
                      50                       274.26464
                  50.005                       274.32289
                50.10499                       275.49179
                50.20498                       276.66821
                50.30497                       277.85229
                50.40496                       279.04416
                50.50495                       280.24398
                50.60494                       281.45191
                50.70493                       282.66812
                50.80492                        283.8928
                50.90491                       285.12614
                 51.0049                       286.36835
                51.10489                       287.61965
                51.20488                       288.88028
                51.30487                        290.1505
                51.40486                       291.43059
                51.50485                       292.72087
                51.60484                       294.02165
                51.70483                       295.33331
                51.80482                       296.65625
                51.90481                       297.99091
                 52.0048                       299.33778
                52.10479                       300.69742
                52.20478                       302.07044
                52.30477                       303.45752
                52.40476                       304.85945
                52.50475                       306.27712
                52.60474                       307.71155
                52.70473                       309.16392
                52.80472                       310.63558
                52.90471                       312.12814
                 53.0047                       313.64346
                53.10469                       315.18378
                53.20468                       316.75178
                53.30467                       318.35068
                53.40466                       319.98443
                53.50465                       321.65795
                53.60464                       323.37735
                53.70463                       325.15045
                53.80462                       326.98733
                53.90461                       328.90125
                 54.0046                       330.91002
                54.10459                       333.03813
                54.20458                       335.32018
                54.30457                       337.80664
                54.40456                       340.57406
                54.50455                         343.744
                54.60454                       347.52094
                54.70453                       352.27432
                54.80452                       358.73479
                54.90451                       368.51468
                 55.0045                       385.49919
                55.10449                       414.46137
                55.20448                       381.48099
                55.30447                       324.60872
                55.40446                       322.87687
                55.50445                        327.7632
                55.60444                         332.404
                55.70443                       336.34094
                55.80442                       339.72808
                55.90441                       342.72645
                 56.0044                       345.45064
                56.10439                       347.97827
                56.20438                       350.36235
                56.30437                       352.63981
                56.40436                       354.83701
                56.50435                       356.97321
                56.60434                       359.06275
                56.70433                       361.11656
                56.80432                       363.14309
                56.90431                       365.14897
                 57.0043                       367.13952
                57.10429                       369.11901
                57.20428                       371.09096
                57.30427                       373.05828
                57.40426                       375.02339
                57.50425                       376.98837
                57.60424                       378.95497
                57.70423                        380.9247
                57.80422                       382.89889
                57.90421                       384.87868
                 58.0042                       386.86511
                58.10419                       388.85908
                58.20418                       390.86141
                58.30417                       392.87285
                58.40416                       394.89406
                58.50415                       396.92566
                58.60414                       398.96823
                58.70413                       401.02229
                58.80412                       403.08834
                58.90411                       405.16686
                 59.0041                       407.25828
                59.10409                       409.36302
                59.20408                       411.48148
                59.30407                       413.61406
                59.40406                       415.76111
                59.50405                       417.92301
                59.60404                       420.10011
                59.70403                       422.29274
                59.80402                       424.50125
                59.90401                       426.72596
                  60.004                       428.96719
                60.10399                       431.22528
                60.20398                       433.50054
                60.30397                       435.79328
                60.40396                       438.10382
                60.50395                       440.43247
                60.60394                       442.77955
                60.70393                       445.14538
                60.80392                       447.53025
                60.90391                        449.9345
                 61.0039                       452.35844
                61.10389                       454.80238
                61.20388                       457.26666
                61.30387                       459.75158
                61.40386                       462.25748
                61.50385                       464.78469
                61.60384                       467.33355
                61.70383                       469.90438
                61.80382                       472.49753
                61.90381                       475.11335
                 62.0038                       477.75217
                62.10379                       480.41437
                62.20378                        483.1003
                62.30377                       485.81032
                62.40376                        488.5448
                62.50375                       491.30413
                62.60374                       494.08867
                62.70373                       496.89882
                62.80372                       499.73498
                62.90371                       502.59753
                 63.0037                        505.4869
                63.10369                        508.4035
                63.20368                       511.34774
                63.30367                       514.32006
                63.40366                        517.3209
                63.50365                       520.35069
                63.60364                        523.4099
                63.70363                       526.49898
                63.80362                       529.61841
                63.90361                       532.76867
                 64.0036                       535.95023
                64.10359                       539.16361
                64.20358                       542.40931
                64.30357                       545.68785
                64.40356                       548.99976
                64.50355                       552.34558
                64.60354                       555.72585
                64.70353                       559.14114
                64.80352                       562.59202
                64.90351                       566.07908
                 65.0035                       569.60292
                65.10349                       573.16414
                65.20348                       576.76337
                65.30347                       580.40124
                65.40346                       584.07841
                65.50345                       587.79554
                65.60344                        591.5533
                65.70343                        595.3524
                65.80342                       599.19354
                65.90341                       603.07744
                 66.0034                       607.00485
                66.10339                       610.97653
                66.20338                       614.99324
                66.30337                        619.0558
                66.40336                       623.16499
                66.50335                       627.32167
                66.60334                       631.52667
                66.70333                       635.78086
                66.80332                       640.08515
                66.90331                       644.44043
                 67.0033                       648.84764
                67.10329                       653.30774
                67.20328                       657.82171
                67.30327                       662.39055
                67.40326                       667.01528
                67.50325                       671.69697
                67.60324                       676.43669
                67.70323                       681.23555
                67.80322                       686.09468
                67.90321                       691.01525
                 68.0032                       695.99845
                68.10319                        701.0455
                68.20318                       706.15767
                68.30317                       711.33623
                68.40316                       716.58251
                68.50315                       721.89788
                68.60314                       727.28372
                68.70313                       732.74146
                68.80312                       738.27258
                68.90311                       743.87858
                 69.0031                       749.56101
                69.10309                       755.32147
                69.20308                        761.1616
                69.30307                       767.08309
                69.40306                       773.08765
                69.50305                       779.17707
                69.60304                       785.35319
                69.70303                       791.61788
                69.80302                       797.97309
                69.90301                        804.4208
                  70.003                       810.96308
                70.10299                       817.60204
                70.20298                       824.33984
                70.30297                       831.17874
                70.40296                       838.12105
                70.50295                       845.16914
                70.60294                       852.32547
                70.70293                       859.59257
                70.80292                       866.97304
                70.90291                       874.46958
                 71.0029                       882.08497
                71.10289                       889.82205
                71.20288                        897.6838
                71.30287                       905.67325
                71.40286                       913.79357
                71.50285                       922.04801
                71.60284                       930.43992
                71.70283                       938.97279
                71.80282                       947.65021
                71.90281                       956.47588
                 72.0028                       965.45366
                72.10279                       974.58752
                72.20278                       983.88157
                72.30277                       993.34006
                72.40276                       1002.9674
                72.50275                       1012.7682
                72.60274                       1022.7471
                72.70273                       1032.9091
                72.80272                       1043.2592
                72.90271                       1053.8028
                 73.0027                       1064.5452
                73.10269                       1075.4922
                73.20268                       1086.6496
                73.30267                       1098.0236
                73.40266                       1109.6204
                73.50265                       1121.4469
                73.60264                       1133.5097
                73.70263                        1145.816
                73.80262                       1158.3732
                73.90261                       1171.1892
                 74.0026                       1184.2718
                74.10259                       1197.6295
                74.20258                       1211.2711
                74.30257                       1225.2055
                74.40256                       1239.4424
                74.50255                       1253.9915
                74.60254                       1268.8632
                74.70253                       1284.0684
                74.80252                       1299.6182
                74.90251                       1315.5244
                 75.0025                       1331.7993
                75.10249                       1348.4561
                75.20248                       1365.5081
                75.30247                       1382.9691
                75.40246                       1400.8541
                75.50245                       1419.1784
                75.60244                       1437.9584
                75.70243                       1457.2109
                75.80242                       1476.9539
                75.90241                       1497.2061
                 76.0024                       1517.9872
                76.10239                        1539.318
                76.20238                       1561.2202
                76.30237                       1583.7168
                76.40236                       1606.8319
                76.50235                       1630.5911
                76.60234                       1655.0211
                76.70233                       1680.1503
                76.80232                       1706.0086
                76.90231                       1732.6277
                 77.0023                       1760.0409
                77.10229                       1788.2836
                77.20228                       1817.3932
                77.30227                       1847.4095
                77.40226                       1878.3744
                77.50225                       1910.3325
                77.60224                       1943.3313
                77.70223                       1977.4211
                77.80222                       2012.6554
                77.90221                       2049.0912
                 78.0022                       2086.7892
                78.10219                       2125.8142
                78.20218                        2166.235
                78.30217                       2208.1255
                78.40216                       2251.5643
                78.50215                       2296.6358
                78.60214                         2343.43
                78.70213                       2392.0437
                78.80212                       2442.5802
                78.90211                       2495.1509
                 79.0021                       2549.8751
                79.10209                        2606.881
                79.20208                       2666.3066
                79.30207                       2728.3006
                79.40206                        2793.023
                79.50205                       2860.6463
                79.60204                       2931.3565
                79.70203                       3005.3545
                79.80202                       3082.8571
                79.90201                       3164.0983
                  80.002                        3249.331
                80.10199                       3338.8282
                80.20198                       3432.8847
                80.30197                       3531.8187
                80.40196                       3635.9727
                80.50195                       3745.7159
                80.60194                       3861.4444
                80.70193                       3983.5824
                80.80192                       4112.5827
                80.90191                       4248.9256
                 81.0019                       4393.1171
                81.10189                       4545.6855
                81.20188                       4707.1755
                81.30187                       4878.1382
                81.40186                       5059.1175
                81.50185                       5250.6297
                81.60184                       5453.1354
                81.70183                       5667.0002
                81.80182                       5892.4423
                81.90181                       6129.4632
                 82.0018                       6377.7581
                82.10179                       6636.6038
                82.20178                       6904.7223
                82.30177                       7180.1239
                82.40176                       7459.9372
                82.50175                       7740.2455
                82.60174                       8015.9612
                82.70173                       8280.7813
                82.80172                       8527.2828
                82.90171                       8747.2141
                 83.0017                       8932.0166
                83.10169                       9073.5662
                83.20168                       9165.0499
                83.30167                       9201.8226
                83.40166                        9182.051
                83.50165                       9106.9775
                83.60164                       8980.7327
                83.70163                       8809.7482
                83.80162                       8601.9249
                83.90161                       8365.7509
                 84.0016                       8109.5312
                84.10159                       7840.8281
                84.20158                       7566.1322
                84.30157                       7290.7365
                84.40156                       7018.7584
                84.50155                       6753.2532
                84.60154                       6496.3711
                84.70153                       6249.5255
                84.80152                        6013.551
                84.90151                       5788.8427
                 85.0015                       5575.4708
                85.10149                       5373.2739
                85.20148                       5181.9309
                85.30147                       5001.0161
                85.40146                       4830.0397
                85.50145                       4668.4788
                85.60144                       4515.7979
                85.70143                        4371.465
                85.80142                       4234.9609
                85.90141                       4105.7867
                 86.0014                       3983.4674
                86.10139                       3867.5545
                86.20138                       3757.6267
                86.30137                       3653.2899
                86.40136                        3554.177
                86.50135                       3459.9462
                86.60134                       3370.2803
                86.70133                        3284.885
                86.80132                       3203.4876
                86.90131                       3125.8354
                 87.0013                       3051.6943
                87.10129                       2980.8475
                87.20128                        2913.094
                87.30127                       2848.2478
                87.40126                       2786.1359
                87.50125                       2726.5982
                87.60124                       2669.4859
                87.70123                       2614.6607
                87.80122                       2561.9942
                87.90121                       2511.3666
                 88.0012                       2462.6667
                88.10119                       2415.7906
                88.20118                       2370.6415
                88.30117                       2327.1291
                88.40116                       2285.1689
                88.50115                        2244.682
                88.60114                       2205.5945
                88.70113                       2167.8372
                88.80112                       2131.3451
                88.90111                       2096.0576
                 89.0011                       2061.9174
                89.10109                        2028.871
                89.20108                       1996.8677
                89.30107                       1965.8601
                89.40106                       1935.8035
                89.50105                       1906.6557
                89.60104                        1878.377
                89.70103                       1850.9298
                89.80102                       1824.2786
                89.90101                         1798.39
                  90.001                       1773.2323
                90.10099                       1748.7754
                90.20098                       1724.9911
                90.30097                       1701.8522
                90.40096                       1679.3334
                90.50095                       1657.4104
                90.60094                       1636.0601
                90.70093                       1615.2609
                90.80092                       1594.9917
                90.90091                        1575.233
                 91.0009                       1555.9659
                91.10089                       1537.1726
                91.20088                       1518.8358
                91.30087                       1500.9395
                91.40086                       1483.4681
                91.50085                       1466.4067
                91.60084                       1449.7413
                91.70083                       1433.4584
                91.80082                       1417.5451
                91.90081                       1401.9891
                 92.0008                       1386.7785
                92.10079                        1371.902
                92.20078                        1357.349
                92.30077                        1343.109
                92.40076                        1329.172
                92.50075                       1315.5287
                92.60074                       1302.1699
                92.70073                       1289.0869
                92.80072                       1276.2712
                92.90071                       1263.7147
                 93.0007                       1251.4099
                93.10069                       1239.3491
                93.20068                       1227.5253
                93.30067                       1215.9316
                93.40066                       1204.5613
                93.50065                       1193.4081
                93.60064                       1182.4659
                93.70063                       1171.7288
                93.80062                       1161.1911
                93.90061                       1150.8472
                 94.0006                        1140.692
                94.10059                       1130.7203
                94.20058                       1120.9272
                94.30057                        1111.308
                94.40056                        1101.858
                94.50055                        1092.573
                94.60054                       1083.4486
                94.70053                       1074.4807
                94.80052                       1065.6653
                94.90051                       1056.9985
                 95.0005                       1048.4767
                95.10049                       1040.0963
                95.20048                       1031.8537
                95.30047                       1023.7456
                95.40046                       1015.7688
                95.50045                         1007.92
                95.60044                       1000.1963
                95.70043                       992.59462
                95.80042                       985.11215
                95.90041                       977.74611
                 96.0004                       970.49379
                96.10039                       963.35258
                96.20038                       956.31995
                96.30037                       949.39345
                96.40036                       942.57069
                96.50035                       935.84936
                96.60034                       929.22721
                96.70033                       922.70207
                96.80032                       916.27181
                96.90031                       909.93439
                 97.0003                        903.6878
                97.10029                        897.5301
                97.20028                       891.45941
                97.30027                        885.4739
                97.40026                       879.57179
                97.50025                       873.75134
                97.60024                       868.01086
                97.70023                       862.34872
                97.80022                       856.76333
                97.90021                       851.25312
                 98.0002                        845.8166
                98.10019                       840.45228
                98.20018                       835.15875
                98.30017                       829.93459
                98.40016                       824.77846
                98.50015                       819.68904
                98.60014                       814.66503
                98.70013                       809.70517
                98.80012                       804.80825
                98.90011                       799.97307
                 99.0001                       795.19847
                99.10009                        790.4833
                99.20008                       785.82648
                99.30007                       781.22691
                99.40006                       776.68354
                99.50005                       772.19535
                99.60004                       767.76134
                99.70003                       763.38052
                99.80002                       759.05194
                99.90001                       754.77467
                     100                       750.54781

