                    0.01                     0.036958927
                 0.10999                      0.40669516
                 0.20998                      0.77685022
                 0.30997                       1.1473055
                 0.40996                       1.5180603
                 0.50995                       1.8891217
                 0.60994                       2.2604982
                 0.70993                       2.6321983
                 0.80992                       3.0042309
                 0.90991                        3.376605
                  1.0099                       3.7493293
                 1.10989                       4.1224127
                 1.20988                       4.4958639
                 1.30987                       4.8696917
                 1.40986                       5.2439049
                 1.50985                       5.6185119
                 1.60984                       5.9935215
                 1.70983                       6.3689422
                 1.80982                       6.7447825
                 1.90981                       7.1210508
                  2.0098                       7.4977557
                 2.10979                       7.8749054
                 2.20978                       8.2525084
                 2.30977                       8.6305728
                 2.40976                        9.009107
                 2.50975                       9.3881191
                 2.60974                       9.7676172
                 2.70973                        10.14761
                 2.80972                       10.528104
                 2.90971                       10.909109
                  3.0097                       11.290632
                 3.10969                       11.672682
                 3.20968                       12.055266
                 3.30967                       12.438391
                 3.40966                       12.822067
                 3.50965                         13.2063
                 3.60964                       13.591098
                 3.70963                        13.97647
                 3.80962                       14.362422
                 3.90961                       14.748963
                  4.0096                         15.1361
                 4.10959                        15.52384
                 4.20958                       15.912191
                 4.30957                       16.301161
                 4.40956                       16.690758
                 4.50955                       17.080987
                 4.60954                       17.471858
                 4.70953                       17.863377
                 4.80952                       18.255551
                 4.90951                       18.648389
                  5.0095                       19.041896
                 5.10949                       19.436081
                 5.20948                       19.830951
                 5.30947                       20.226512
                 5.40946                       20.622773
                 5.50945                        21.01974
                 5.60944                        21.41742
                 5.70943                        21.81582
                 5.80942                       22.214948
                 5.90941                        22.61481
                  6.0094                       23.015413
                 6.10939                       23.394159
                 6.20938                       23.772928
                 6.30937                       24.151725
                 6.40936                       24.530558
                 6.50935                       24.909434
                 6.60934                       25.288359
                 6.70933                        25.66734
                 6.80932                       26.046383
                 6.90931                       26.425495
                  7.0093                       26.804682
                 7.10929                       27.183952
                 7.20928                       27.563309
                 7.30927                       27.942761
                 7.40926                       28.322314
                 7.50925                       28.701974
                 7.60924                       29.081747
                 7.70923                        29.46164
                 7.80922                       29.841658
                 7.90921                       30.221809
                  8.0092                       30.602097
                 8.10919                       30.982529
                 8.20918                       31.363111
                 8.30917                       31.743849
                 8.40916                       32.124749
                 8.50915                       32.505817
                 8.60914                       32.887058
                 8.70913                       33.268479
                 8.80912                       33.650085
                 8.90911                       34.031882
                  9.0091                       34.413876
                 9.10909                       34.796073
                 9.20908                       35.178478
                 9.30907                       35.561096
                 9.40906                       35.943935
                 9.50905                       36.326998
                 9.60904                       36.710292
                 9.70903                       37.093823
                 9.80902                       37.477595
                 9.90901                       37.861615
                  10.009                       38.245888
                10.10899                       38.630419
                10.20898                       39.015214
                10.30897                       39.400278
                10.40896                       39.785617
                10.50895                       40.171235
                10.60894                       40.557139
                10.70893                       40.943334
                10.80892                       41.329825
                10.90891                       41.716617
                 11.0089                       42.103715
                11.10889                       42.491126
                11.20888                       42.878853
                11.30887                       43.266904
                11.40886                       43.655281
                11.50885                       44.043992
                11.60884                        44.43304
                11.70883                       44.822432
                11.80882                       45.212172
                11.90881                       45.602265
                 12.0088                       45.992717
                12.10879                       46.383533
                12.20878                       46.774718
                12.30877                       47.166276
                12.40876                       47.558214
                12.50875                       47.950536
                12.60874                       48.343247
                12.70873                       48.736353
                12.80872                       49.129858
                12.90871                       49.523767
                 13.0087                       49.918085
                13.10869                       50.312819
                13.20868                       50.707971
                13.30867                       51.103548
                13.40866                       51.499555
                13.50865                       51.895996
                13.60864                       52.292877
                13.70863                       52.690202
                13.80862                       53.087977
                13.90861                       53.486207
                 14.0086                       53.884895
                14.10859                       54.284049
                14.20858                       54.683672
                14.30857                       55.083769
                14.40856                       55.484346
                14.50855                       55.886242
                14.60854                       56.288639
                14.70853                       56.691542
                14.80852                       57.094957
                14.90851                       57.498888
                 15.0085                       57.903341
                15.10849                        58.30832
                15.20848                       58.713831
                15.30847                       59.119878
                15.40846                       59.526467
                15.50845                       59.933602
                15.60844                       60.341289
                15.70843                       60.749532
                15.80842                       61.158337
                15.90841                       61.567708
                 16.0084                       61.977651
                16.10839                       62.388171
                16.20838                       62.799272
                16.30837                        63.21096
                16.40836                        63.62324
                16.50835                       64.036117
                16.60834                       64.449596
                16.70833                       64.863681
                16.80832                       65.278379
                16.90831                       65.693695
                 17.0083                       66.109632
                17.10829                       66.526197
                17.20828                       66.943395
                17.30827                        67.36123
                17.40826                       67.779708
                17.50825                       68.198835
                17.60824                       68.618614
                17.70823                       69.039052
                17.80822                       69.460153
                17.90821                       69.881923
                 18.0082                       70.304367
                18.10819                        70.72749
                18.20818                       71.151298
                18.30817                       71.575795
                18.40816                       72.000987
                18.50815                       72.426879
                18.60814                       72.853476
                18.70813                       73.280785
                18.80812                       73.708809
                18.90811                       74.137555
                 19.0081                       74.567027
                19.10809                       74.997232
                19.20808                       75.428174
                19.30807                       75.859858
                19.40806                       76.292291
                19.50805                       76.725478
                19.60804                       77.159423
                19.70803                       77.594133
                19.80802                       78.029612
                19.90801                       78.465867
                  20.008                       78.902903
                20.10799                       79.340725
                20.20798                       79.779338
                20.30797                       80.218749
                20.40796                       80.658963
                20.50795                       81.099984
                20.60794                        81.54182
                20.70793                       81.984475
                20.80792                       82.427954
                20.90791                       82.872264
                 21.0079                        83.31741
                21.10789                       83.763398
                21.20788                       84.210232
                21.30787                       84.657919
                21.40786                       85.106464
                21.50785                       85.555873
                21.60784                       86.006151
                21.70783                       86.457303
                21.80782                       86.909335
                21.90781                       87.362253
                 22.0078                       87.816062
                22.10779                       88.270767
                22.20778                       88.726373
                22.30777                       89.182886
                22.40776                       89.640311
                22.50775                       90.098652
                22.60774                       90.557916
                22.70773                       91.018106
                22.80772                       91.479227
                22.90771                       91.941285
                 23.0077                       92.404282
                23.10769                       92.868224
                23.20768                       93.333116
                23.30767                        93.79896
                23.40766                       94.265762
                23.50765                       94.733527
                23.60764                       95.202261
                23.70763                       95.671973
                23.80762                       96.142675
                23.90761                        96.61439
                 24.0076                       97.087154
                24.10759                       97.561032
                24.20758                       98.036148
                24.30757                       98.512732
                24.40756                       98.991231
                24.50755                       99.472494
                24.60754                       99.958036
                24.70753                       100.44997
                24.80752                       100.94908
                24.90751                       101.45029
                      25                       101.90768
                 25.0075                        101.9444
                25.10749                       102.42971
                25.20748                       102.91082
                25.30747                       103.39197
                25.40746                       103.87488
                25.50745                       104.35993
                25.60744                       104.84705
                25.70743                       105.33608
                25.80742                       105.82687
                25.90741                       106.31928
                 26.0074                       106.81322
                26.10739                       107.30863
                26.20738                       107.80545
                26.30737                       108.30365
                26.40736                        108.8032
                26.50735                       109.30408
                26.60734                       109.80628
                26.70733                       110.30979
                26.80732                       110.81461
                26.90731                       111.32074
                 27.0073                       111.82817
                27.10729                        112.3369
                27.20728                       112.84694
                27.30727                       113.35829
                27.40726                       113.87096
                27.50725                       114.38495
                27.60724                       114.90026
                27.70723                       115.41691
                27.80722                       115.93489
                27.90721                       116.45421
                 28.0072                       116.97489
                28.10719                       117.49693
                28.20718                       118.02033
                28.30717                        118.5451
                28.40716                       119.07126
                28.50715                        119.5988
                28.60714                       120.12775
                28.70713                       120.65809
                28.80712                       121.18986
                28.90711                       121.72304
                 29.0071                       122.25766
                29.10709                       122.79372
                29.20708                       123.33122
                29.30707                       123.87019
                29.40706                       124.41062
                29.50705                       124.95253
                29.60704                       125.49593
                29.70703                       126.04082
                29.80702                       126.58721
                29.90701                       127.13512
                  30.007                       127.68455
                30.10699                       128.23552
                30.20698                       128.78803
                30.30697                        129.3421
                30.40696                       129.89772
                30.50695                       130.45492
                30.60694                       131.01371
                30.70693                       131.57409
                30.80692                       132.13607
                30.90691                       132.69967
                 31.0069                       133.26489
                31.10689                       133.83175
                31.20688                       134.40025
                31.30687                       134.97041
                31.40686                       135.54224
                31.50685                       136.11575
                31.60684                       136.69095
                31.70683                       137.26784
                31.80682                       137.84645
                31.90681                       138.42679
                 32.0068                       139.00886
                32.10679                       139.59267
                32.20678                       140.17824
                32.30677                       140.76559
                32.40676                       141.35471
                32.50675                       141.94562
                32.60674                       142.53834
                32.70673                       143.13288
                32.80672                       143.72924
                32.90671                       144.32745
                 33.0067                       144.92751
                33.10669                       145.52943
                33.20668                       146.13323
                33.30667                       146.73893
                33.40666                       147.34652
                33.50665                       147.95603
                33.60664                       148.56747
                33.70663                       149.18085
                33.80662                       149.79619
                33.90661                       150.41368
                 34.0066                       151.03316
                34.10659                       151.65463
                34.20658                       152.27811
                34.30657                       152.90361
                34.40656                       153.53115
                34.50655                       154.16074
                34.60654                        154.7924
                34.70653                       155.42613
                34.80652                       156.06196
                34.90651                       156.69989
                 35.0065                       157.33995
                35.10649                       157.98214
                35.20648                       158.62648
                35.30647                       159.27299
                35.40646                       159.92168
                35.50645                       160.57256
                35.60644                       161.22565
                35.70643                       161.88097
                35.80642                       162.53853
                35.90641                       163.19835
                 36.0064                       163.86044
                36.10639                       164.52482
                36.20638                        165.1915
                36.30637                        165.8605
                36.40636                       166.53184
                36.50635                       167.20553
                36.60634                       167.88159
                36.70633                       168.56003
                36.80632                       169.24088
                36.90631                       169.92415
                 37.0063                       170.60985
                37.10629                       171.29801
                37.20628                       171.98863
                37.30627                       172.68175
                37.40626                       173.37737
                37.50625                       174.07551
                37.60624                        174.7762
                37.70623                       175.47944
                37.80622                       176.18527
                37.90621                       176.89369
                 38.0062                       177.60472
                38.10619                       178.31839
                38.20618                       179.03471
                38.30617                        179.7537
                38.40616                       180.47539
                38.50615                       181.19978
                38.60614                       181.92691
                38.70613                       182.65678
                38.80612                       183.38943
                38.90611                       184.12487
                 39.0061                       184.86311
                39.10609                       185.60419
                39.20608                       186.34812
                39.30607                       187.09492
                39.40606                       187.84462
                39.50605                       188.59723
                39.60604                       189.35278
                39.70603                       190.11129
                39.80602                       190.87278
                39.90601                       191.63728
                  40.006                       192.40492
                40.10599                       193.17561
                40.20598                       193.94937
                40.30597                       194.72623
                40.40596                        195.5062
                40.50595                       196.28932
                40.60594                        197.0756
                40.70593                       197.86508
                40.80592                       198.65776
                40.90591                       199.45369
                 41.0059                       200.25288
                41.10589                       201.05536
                41.20588                       201.86116
                41.30587                       202.67029
                41.40586                       203.48279
                41.50585                       204.29868
                41.60584                       205.11799
                41.70583                       205.94074
                41.80582                       206.76696
                41.90581                       207.59669
                 42.0058                       208.42994
                42.10579                       209.26674
                42.20578                       210.10713
                42.30577                       210.95112
                42.40576                       211.79876
                42.50575                       212.65006
                42.60574                       213.50506
                42.70573                       214.36379
                42.80572                       215.22628
                42.90571                       216.09256
                 43.0057                       216.96265
                43.10569                       217.83659
                43.20568                       218.71441
                43.30567                       219.59614
                43.40566                       220.48182
                43.50565                       221.37147
                43.60564                       222.26513
                43.70563                       223.16283
                43.80562                       224.06461
                43.90561                       224.97049
                 44.0056                       225.88051
                44.10559                       226.79471
                44.20558                       227.71312
                44.30557                       228.63576
                44.40556                       229.56269
                44.50555                       230.49392
                44.60554                       231.42951
                44.70553                       232.36947
                44.80552                       233.31385
                44.90551                       234.26268
                 45.0055                         235.216
                45.10549                       236.17383
                45.20548                       237.13623
                45.30547                       238.10321
                45.40546                       239.07481
                45.50545                       240.05107
                45.60544                       241.03202
                45.70543                       242.01769
                45.80542                       243.00811
                45.90541                       244.00332
                 46.0054                       245.00334
                46.10539                       246.00821
                46.20538                       247.01794
                46.30537                       248.03256
                46.40536                        249.0521
                46.50535                       250.07668
                46.60534                       251.10621
                46.70533                       252.14072
                46.80532                       253.18022
                46.90531                       254.22473
                 47.0053                       255.27425
                47.10529                        256.3288
                47.20528                       257.38838
                47.30527                         258.453
                47.40526                       259.52266
                47.50525                       260.59737
                47.60524                       261.67713
                47.70523                       262.76195
                47.80522                       263.85185
                47.90521                       264.94686
                 48.0052                         266.047
                48.10519                       267.15234
                48.20518                       268.26293
                48.30517                       269.37889
                48.40516                       270.50034
                48.50515                       271.62746
                48.60514                       272.76047
                48.70513                       273.89967
                48.80512                       275.04539
                48.90511                       276.19807
                 49.0051                        277.3582
                49.10509                       278.52638
                49.20508                       279.70327
                49.30507                       280.88962
                49.40506                       282.08625
                49.50505                       283.29404
                49.60504                       284.51387
                49.70503                       285.74667
                49.80502                       286.99332
                49.90501                       288.25464
                      50                       289.46716
                  50.005                       289.53138
                50.10499                       290.82434
                50.20498                       292.13383
                50.30497                       293.46018
                50.40496                       294.80355
                50.50495                       296.16392
                50.60494                       297.54114
                50.70493                       298.93489
                50.80492                       300.34472
                50.90491                       301.77009
                 51.0049                       303.21036
                51.10489                       304.66482
                51.20488                       306.13275
                51.30487                       307.61337
                51.40486                       309.10591
                51.50485                        310.6096
                51.60484                        312.1237
                51.70483                       313.64746
                51.80482                        315.1802
                51.90481                       316.72125
                 52.0048                       318.26999
                52.10479                       319.82584
                52.20478                       321.38826
                52.30477                       322.95677
                52.40476                       324.53093
                52.50475                       326.11036
                52.60474                       327.69472
                52.70473                       329.28374
                52.80472                       330.87719
                52.90471                        332.4749
                 53.0047                       334.07674
                53.10469                       335.68265
                53.20468                       337.29259
                53.30467                        338.9066
                53.40466                       340.52474
                53.50465                       342.14712
                53.60464                       343.77389
                53.70463                       345.40522
                53.80462                       347.04132
                53.90461                       348.68244
                 54.0046                       350.32883
                54.10459                       351.98077
                54.20458                       353.63855
                54.30457                       355.30249
                54.40456                       356.97291
                54.50455                       358.65013
                54.60454                       360.33448
                54.70453                        362.0263
                54.80452                       363.72592
                54.90451                       365.43369
                 55.0045                       367.14993
                55.10449                       368.87497
                55.20448                       370.60914
                55.30447                       372.35275
                55.40446                       374.10613
                55.50445                       375.86958
                55.60444                        377.6434
                55.70443                       379.42789
                55.80442                       381.22335
                55.90441                       383.03004
                 56.0044                       384.84825
                56.10439                       386.67825
                56.20438                        388.5203
                56.30437                       390.37466
                56.40436                       392.24159
                56.50435                       394.12134
                56.60434                       396.01414
                56.70433                       397.92024
                56.80432                       399.83987
                56.90431                       401.77327
                 57.0043                       403.72066
                57.10429                       405.68228
                57.20428                       407.65834
                57.30427                       409.64907
                57.40426                       411.65468
                57.50425                        413.6754
                57.60424                       415.71145
                57.70423                       417.76303
                57.80422                       419.83037
                57.90421                       421.91369
                 58.0042                       424.01319
                58.10419                       426.12909
                58.20418                       428.26162
                58.30417                       430.41098
                58.40416                        432.5774
                58.50415                        434.7611
                58.60414                       436.96229
                58.70413                        439.1812
                58.80412                       441.41805
                58.90411                       443.67307
                 59.0041                       445.94649
                59.10409                       448.23854
                59.20408                       450.54944
                59.30407                       452.87943
                59.40406                       455.22876
                59.50405                       457.59766
                59.60404                       459.98637
                59.70403                       462.39515
                59.80402                       464.82423
                59.90401                       467.27388
                  60.004                       469.74434
                60.10399                       472.23589
                60.20398                       474.74877
                60.30397                       477.28327
                60.40396                       479.83964
                60.50395                       482.41817
                60.60394                       485.01913
                60.70393                       487.64281
                60.80392                       490.28949
                60.90391                       492.95946
                 61.0039                       495.65303
                61.10389                       498.37049
                61.20388                       501.11214
                61.30387                       503.87831
                61.40386                       506.66929
                61.50385                       509.48542
                61.60384                       512.32702
                61.70383                       515.19442
                61.80382                       518.08795
                61.90381                       521.00795
                 62.0038                       523.95478
                62.10379                       526.92879
                62.20378                       529.93033
                62.30377                       532.95976
                62.40376                       536.01747
                62.50375                       539.10382
                62.60374                       542.21919
                62.70373                       545.36399
                62.80372                       548.53859
                62.90371                        551.7434
                 63.0037                       554.97884
                63.10369                       558.24532
                63.20368                       561.54325
                63.30367                       564.87307
                63.40366                       568.23522
                63.50365                       571.63014
                63.60364                       575.05828
                63.70363                        578.5201
                63.80362                       582.01606
                63.90361                       585.54665
                 64.0036                       589.11235
                64.10359                       592.71363
                64.20358                       596.35102
                64.30357                         600.025
                64.40356                       603.73611
                64.50355                       607.48485
                64.60354                       611.27178
                64.70353                       615.09742
                64.80352                       618.96233
                64.90351                       622.86708
                 65.0035                       626.81223
                65.10349                       630.79837
                65.20348                       634.82608
                65.30347                       638.89596
                65.40346                       643.00862
                65.50345                       647.16469
                65.60344                       651.36479
                65.70343                       655.60957
                65.80342                       659.89967
                65.90341                       664.23577
                 66.0034                       668.61853
                66.10339                       673.04863
                66.20338                       677.52678
                66.30337                       682.05368
                66.40336                       686.63004
                66.50335                       691.25661
                66.60334                       695.93412
                66.70333                       700.66333
                66.80332                       705.44499
                66.90331                        710.2799
                 67.0033                       715.16884
                67.10329                       720.11262
                67.20328                       725.11205
                67.30327                       730.16795
                67.40326                       735.28118
                67.50325                       740.45258
                67.60324                       745.68302
                67.70323                       750.97339
                67.80322                       756.32456
                67.90321                       761.73746
                 68.0032                       767.21299
                68.10319                       772.75209
                68.20318                       778.35571
                68.30317                        784.0248
                68.40316                       789.76033
                68.50315                       795.56329
                68.60314                       801.43467
                68.70313                       807.37548
                68.80312                       813.38675
                68.90311                       819.46949
                 69.0031                       825.62478
                69.10309                       831.85365
                69.20308                       838.15717
                69.30307                       844.53644
                69.40306                       850.99254
                69.50305                       857.52656
                69.60304                       864.13963
                69.70303                       870.83287
                69.80302                       877.60739
                69.90301                       884.46434
                  70.003                       891.40488
                70.10299                       898.43013
                70.20298                       905.54128
                70.30297                       912.73947
                70.40296                       920.02587
                70.50295                       927.40166
                70.60294                       934.86801
                70.70293                       942.42608
                70.80292                       950.07705
                70.90291                       957.82208
                 71.0029                       965.66234
                71.10289                       973.59898
                71.20288                       981.63315
                71.30287                       989.76598
                71.40286                       997.99861
                71.50285                       1006.3322
                71.60284                       1014.7677
                71.70283                       1023.3063
                71.80282                        1031.949
                71.90281                       1040.6969
                 72.0028                       1049.5508
                72.10279                       1058.5119
                72.20278                        1067.581
                72.30277                       1076.7589
                72.40276                       1086.0466
                72.50275                       1095.4448
                72.60274                       1104.9542
                72.70273                       1114.5754
                72.80272                       1124.3091
                72.90271                       1134.1558
                 73.0027                        1144.116
                73.10269                       1154.1898
                73.20268                       1164.3778
                73.30267                       1174.6799
                73.40266                       1185.0962
                73.50265                       1195.6266
                73.60264                        1206.271
                73.70263                        1217.029
                73.80262                       1227.9001
                73.90261                       1238.8837
                 74.0026                       1249.9788
                74.10259                       1261.1847
                74.20258                       1272.4999
                74.30257                       1283.9232
                74.40256                       1295.4529
                74.50255                       1307.0872
                74.60254                       1318.8239
                74.70253                       1330.6608
                74.80252                       1342.5951
                74.90251                       1354.6241
                 75.0025                       1366.7444
                75.10249                       1378.9531
                75.20248                       1391.2458
                75.30247                       1403.6181
                75.40246                       1416.0656
                75.50245                        1428.583
                75.60244                       1441.1652
                75.70243                       1453.8062
                75.80242                       1466.4998
                75.90241                       1479.2393
                 76.0024                       1492.0175
                76.10239                       1504.8267
                76.20238                       1517.6588
                76.30237                       1530.5052
                76.40236                       1543.3566
                76.50235                       1556.2033
                76.60234                       1569.0351
                76.70233                       1581.8412
                76.80232                       1594.6102
                76.90231                       1607.3304
                 77.0023                       1619.9892
                77.10229                       1632.5738
                77.20228                       1645.0706
                77.30227                       1657.4656
                77.40226                       1669.7443
                77.50225                       1681.8916
                77.60224                       1693.8923
                77.70223                       1705.7302
                77.80222                       1717.3893
                77.90221                       1728.8527
                 78.0022                       1740.1036
                78.10219                       1751.1246
                78.20218                       1761.8984
                78.30217                       1772.4074
                78.40216                       1782.6338
                78.50215                       1792.5599
                78.60214                        1802.168
                78.70213                       1811.4405
                78.80212                       1820.3601
                78.90211                       1828.9097
                 79.0021                       1837.0725
                79.10209                       1844.8322
                79.20208                       1852.1731
                79.30207                       1859.0801
                79.40206                       1865.5388
                79.50205                       1871.5354
                79.60204                       1877.0574
                79.70203                       1882.0928
                79.80202                       1886.6309
                79.90201                        1890.662
                  80.002                       1894.1776
                80.10199                       1897.1704
                80.20198                       1899.6343
                80.30197                       1901.5647
                80.40196                       1902.9579
                80.50195                       1903.8121
                80.60194                       1904.1265
                80.70193                       1903.9018
                80.80192                         1903.14
                80.90191                       1901.8446
                 81.0019                       1900.0201
                81.10189                       1897.6726
                81.20188                       1894.8094
                81.30187                       1891.4388
                81.40186                       1887.5704
                81.50185                       1883.2149
                81.60184                       1878.3838
                81.70183                       1873.0898
                81.80182                       1867.3461
                81.90181                        1861.167
                 82.0018                       1854.5673
                82.10179                       1847.5625
                82.20178                       1840.1684
                82.30177                       1832.4015
                82.40176                       1824.2784
                82.50175                       1815.8161
                82.60174                       1807.0318
                82.70173                       1797.9428
                82.80172                       1788.5662
                82.90171                       1778.9193
                 83.0017                       1769.0193
                83.10169                       1758.8832
                83.20168                       1748.5277
                83.30167                       1737.9694
                83.40166                       1727.2243
                83.50165                       1716.3085
                83.60164                       1705.2372
                83.70163                       1694.0255
                83.80162                       1682.6881
                83.90161                        1671.239
                 84.0016                       1659.6918
                84.10159                       1648.0598
                84.20158                       1636.3555
                84.30157                        1624.591
                84.40156                       1612.7779
                84.50155                       1600.9273
                84.60154                       1589.0497
                84.70153                       1577.1551
                84.80152                       1565.2531
                84.90151                       1553.3526
                 85.0015                       1541.4621
                85.10149                       1529.5897
                85.20148                       1517.7429
                85.30147                       1505.9288
                85.40146                       1494.1541
                85.50145                       1482.4249
                85.60144                       1470.7471
                85.70143                        1459.126
                85.80142                       1447.5666
                85.90141                       1436.0737
                 86.0014                       1424.6514
                86.10139                       1413.3037
                86.20138                       1402.0343
                86.30137                       1390.8463
                86.40136                       1379.7429
                86.50135                       1368.7268
                86.60134                       1357.8004
                86.70133                        1346.966
                86.80132                       1336.2254
                86.90131                       1325.5806
                 87.0013                        1315.033
                87.10129                        1304.584
                87.20128                       1294.2347
                87.30127                       1283.9861
                87.40126                       1273.8391
                87.50125                       1263.7942
                87.60124                       1253.8521
                87.70123                       1244.0131
                87.80122                       1234.2774
                87.90121                       1224.6452
                 88.0012                       1215.1165
                88.10119                       1205.6912
                88.20118                       1196.3692
                88.30117                       1187.1503
                88.40116                        1178.034
                88.50115                         1169.02
                88.60114                       1160.1078
                88.70113                       1151.2968
                88.80112                       1142.5865
                88.90111                       1133.9762
                 89.0011                       1125.4653
                89.10109                       1117.0531
                89.20108                       1108.7386
                89.30107                        1100.521
                89.40106                       1092.3995
                89.50105                       1084.3733
                89.60104                       1076.4413
                89.70103                       1068.6027
                89.80102                       1060.8565
                89.90101                       1053.2018
                  90.001                       1045.6375
                90.10099                       1038.1627
                90.20098                       1030.7764
                90.30097                       1023.4775
                90.40096                        1016.265
                90.50095                        1009.138
                90.60094                       1002.0952
                90.70093                       995.13582
                90.80092                        988.2587
                90.90091                       981.46282
                 91.0009                       974.74716
                91.10089                       968.11068
                91.20088                       961.55235
                91.30087                       955.07114
                91.40086                       948.66604
                91.50085                       942.33602
                91.60084                       936.08008
                91.70083                       929.89721
                91.80082                       923.78643
                91.90081                       917.74675
                 92.0008                       911.77718
                92.10079                       905.87676
                92.20078                       900.04453
                92.30077                       894.27954
                92.40076                       888.58085
                92.50075                       882.94753
                92.60074                       877.37865
                92.70073                       871.87332
                92.80072                       866.43062
                92.90071                       861.04968
                 93.0007                       855.72961
                93.10069                       850.46955
                93.20068                       845.26865
                93.30067                       840.12607
                93.40066                       835.04096
                93.50065                       830.01251
                93.60064                       825.03991
                93.70063                       820.12236
                93.80062                       815.25907
                93.90061                       810.44928
                 94.0006                        805.6922
                94.10059                       800.98709
                94.20058                       796.33321
                94.30057                       791.72983
                94.40056                       787.17622
                94.50055                       782.67167
                94.60054                       778.21548
                94.70053                       773.80697
                94.80052                       769.44545
                94.90051                       765.13026
                 95.0005                       760.86075
                95.10049                       756.63625
                95.20048                       752.45614
                95.30047                       748.31979
                95.40046                       744.22659
                95.50045                       740.17591
                95.60044                       736.16717
                95.70043                       732.19977
                95.80042                       728.27314
                95.90041                        724.3867
                 96.0004                        720.5399
                96.10039                       716.73219
                96.20038                         712.963
                96.30037                       709.23183
                96.40036                       705.53813
                96.50035                       701.88139
                96.60034                        698.2611
                96.70033                       694.67676
                96.80032                       691.12787
                96.90031                       687.61395
                 97.0003                       684.13453
                97.10029                       680.68913
                97.20028                       677.27729
                97.30027                       673.89855
                97.40026                       670.55247
                97.50025                       667.23861
                97.60024                       663.95654
                97.70023                       660.70582
                97.80022                       657.48604
                97.90021                       654.29678
                 98.0002                       651.13765
                98.10019                       648.00823
                98.20018                       644.90814
                98.30017                       641.83699
                98.40016                        638.7944
                98.50015                       635.77999
                98.60014                       632.79339
                98.70013                       629.83425
                98.80012                        626.9022
                98.90011                        623.9969
                 99.0001                         621.118
                99.10009                       618.26515
                99.20008                       615.43802
                99.30007                       612.63629
                99.40006                       609.85962
                99.50005                        607.1077
                99.60004                       604.38022
                99.70003                       601.67686
                99.80002                       598.99732
                99.90001                        596.3413
                     100                       593.70851

