                    0.01                     0.038002903
                 0.10999                      0.46701069
                 0.20998                       0.8852914
                 0.30997                       1.2925354
                 0.40996                       1.6884452
                 0.50995                       2.0727561
                 0.60994                       2.4452375
                 0.70993                       2.8056827
                 0.80992                       3.1539207
                 0.90991                       3.4898191
                  1.0099                       3.8132838
                 1.10989                       4.1242586
                 1.20988                       4.4893726
                 1.30987                       4.8528105
                 1.40986                       5.2145434
                 1.50985                       5.5745661
                 1.60984                       5.9328941
                 1.70983                       6.2895608
                 1.80982                       6.6446138
                 1.90981                       6.9981125
                  2.0098                       7.3501248
                 2.10979                        7.700725
                 2.20978                       8.0499911
                 2.30977                       8.3980034
                 2.40976                       8.7448426
                 2.50975                       9.0905883
                 2.60974                       9.4353186
                 2.70973                       9.7791087
                 2.80972                       10.122031
                 2.90971                       10.464153
                  3.0097                       10.805541
                 3.10969                       11.146254
                 3.20968                        11.48635
                 3.30967                       11.825881
                 3.40966                       12.164896
                 3.50965                       12.503441
                 3.60964                       12.841558
                 3.70963                       13.179284
                 3.80962                       13.519103
                 3.90961                       13.858722
                  4.0096                       14.198173
                 4.10959                       14.537481
                 4.20958                       14.876672
                 4.30957                       15.215769
                 4.40956                       15.554793
                 4.50955                       15.893763
                 4.60954                       16.232696
                 4.70953                        16.57161
                 4.80952                       16.910518
                 4.90951                       17.249435
                  5.0095                       17.588373
                 5.10949                       17.927344
                 5.20948                       18.266358
                 5.30947                       18.605425
                 5.40946                       18.944554
                 5.50945                       19.283755
                 5.60944                       19.623034
                 5.70943                       19.962399
                 5.80942                       20.301857
                 5.90941                       20.641414
                  6.0094                       20.981077
                 6.10939                       21.320851
                 6.20938                       21.660741
                 6.30937                       22.000753
                 6.40936                       22.340891
                 6.50935                        22.68116
                 6.60934                       23.021564
                 6.70933                       23.362107
                 6.80932                       23.702794
                 6.90931                       24.043627
                  7.0093                       24.384612
                 7.10929                       24.725751
                 7.20928                       25.067048
                 7.30927                       25.408507
                 7.40926                        25.75013
                 7.50925                       26.091921
                 7.60924                       26.433883
                 7.70923                       26.776019
                 7.80922                       27.118332
                 7.90921                       27.460826
                  8.0092                       27.803502
                 8.10919                       28.146365
                 8.20918                       28.489416
                 8.30917                       28.832659
                 8.40916                       29.176097
                 8.50915                       29.519732
                 8.60914                       29.863568
                 8.70913                       30.207606
                 8.80912                       30.551851
                 8.90911                       30.896303
                  9.0091                       31.240967
                 9.10909                       31.585846
                 9.20908                       31.930941
                 9.30907                       32.276255
                 9.40906                       32.621792
                 9.50905                       32.967554
                 9.60904                       33.313544
                 9.70903                       33.659764
                 9.80902                       34.006218
                 9.90901                       34.352907
                  10.009                       34.699836
                10.10899                       35.047007
                10.20898                       35.394421
                10.30897                       35.742083
                10.40896                       36.089995
                10.50895                        36.43816
                10.60894                       36.786581
                10.70893                        37.13526
                10.80892                       37.484201
                10.90891                       37.833405
                 11.0089                       38.182877
                11.10889                       38.532618
                11.20888                       38.882633
                11.30887                       39.233964
                11.40886                       39.585592
                11.50885                        39.93752
                11.60884                       40.289751
                11.70883                       40.642289
                11.80882                       40.995135
                11.90881                       41.348294
                 12.0088                       41.701767
                12.10879                       42.055559
                12.20878                       42.409671
                12.30877                       42.764108
                12.40876                       43.118872
                12.50875                       43.473966
                12.60874                       43.829393
                12.70873                       44.185157
                12.80872                        44.54126
                12.90871                       44.897706
                 13.0087                       45.254497
                13.10869                       45.611637
                13.20868                       45.969128
                13.30867                       46.326975
                13.40866                        46.68518
                13.50865                       47.043747
                13.60864                       47.402678
                13.70863                       47.761977
                13.80862                       48.121646
                13.90861                        48.48169
                 14.0086                       48.842112
                14.10859                       49.202914
                14.20858                         49.5641
                14.30857                       49.925674
                14.40856                       50.287638
                14.50855                       50.649995
                14.60854                        51.01275
                14.70853                       51.375906
                14.80852                       51.739465
                14.90851                       52.103432
                 15.0085                       52.467809
                15.10849                         52.8326
                15.20848                       53.197808
                15.30847                       53.563437
                15.40846                        53.92949
                15.50845                       54.295971
                15.60844                       54.662883
                15.70843                        55.03023
                15.80842                       55.398014
                15.90841                        55.76624
                 16.0084                       56.134911
                16.10839                       56.504031
                16.20838                       56.873603
                16.30837                        57.24363
                16.40836                       57.614116
                16.50835                       57.985065
                16.60834                       58.356481
                16.70833                       58.728366
                16.80832                       59.100725
                16.90831                       59.473561
                 17.0083                       59.846878
                17.10829                       60.220679
                17.20828                       60.594969
                17.30827                        60.96975
                17.40826                       61.345375
                17.50825                       61.721503
                17.60824                       62.098138
                17.70823                       62.475284
                17.80822                       62.852945
                17.90821                       63.231125
                 18.0082                       63.609827
                18.10819                       63.989055
                18.20818                       64.368814
                18.30817                       64.749106
                18.40816                       65.129936
                18.50815                       65.511308
                18.60814                       65.893225
                18.70813                       66.275692
                18.80812                       66.658712
                18.90811                        67.04229
                 19.0081                       67.426429
                19.10809                       67.811133
                19.20808                       68.196407
                19.30807                       68.582253
                19.40806                       68.968677
                19.50805                       69.355683
                19.60804                       69.743274
                19.70803                       70.131454
                19.80802                       70.520228
                19.90801                         70.9096
                  20.008                       71.299574
                20.10799                       71.690154
                20.20798                       72.081344
                20.30797                       72.473148
                20.40796                       72.865571
                20.50795                       73.258616
                20.60794                       73.652289
                20.70793                       74.046593
                20.80792                       74.441532
                20.90791                       74.837112
                 21.0079                       75.233335
                21.10789                       75.630207
                21.20788                       76.027732
                21.30787                       76.425913
                21.40786                       76.824757
                21.50785                       77.224266
                21.60784                       77.624446
                21.70783                         78.0253
                21.80782                       78.426834
                21.90781                       78.829052
                 22.0078                       79.231957
                22.10779                       79.635556
                22.20778                       80.039851
                22.30777                       80.444849
                22.40776                       80.850553
                22.50775                       81.256967
                22.60774                       81.664098
                22.70773                       82.071948
                22.80772                       82.480523
                22.90771                       82.889828
                 23.0077                       83.299867
                23.10769                       83.710644
                23.20768                       84.122166
                23.30767                       84.534435
                23.40766                       84.947458
                23.50765                       85.361238
                23.60764                       85.775781
                23.70763                       86.191091
                23.80762                       86.607173
                23.90761                       87.024033
                 24.0076                       87.441674
                24.10759                       87.860102
                24.20758                       88.279322
                24.30757                       88.699338
                24.40756                       89.120156
                24.50755                        89.54178
                24.60754                       89.964215
                24.70753                       90.387467
                24.80752                        90.81154
                24.90751                        91.23644
                      25                       91.630209
                 25.0075                       91.662197
                25.10749                        92.08912
                25.20748                       92.516887
                25.30747                       92.945505
                25.40746                       93.374977
                25.50745                       93.805309
                25.60744                       94.236506
                25.70743                       94.668573
                25.80742                       95.101515
                25.90741                       95.535338
                 26.0074                       95.970046
                26.10739                       96.405645
                26.20738                        96.84214
                26.30737                       97.279536
                26.40736                       97.717838
                26.50735                       98.157051
                26.60734                        98.59718
                26.70733                       99.038231
                26.80732                       99.480209
                26.90731                       99.923118
                 27.0073                       100.36696
                27.10729                       100.81175
                27.20728                       101.25749
                27.30727                       101.70418
                27.40726                       102.15182
                27.50725                       102.60043
                27.60724                          103.05
                27.70723                       103.50055
                27.80722                       103.95208
                27.90721                       104.40458
                 28.0072                       104.85808
                28.10719                       105.31256
                28.20718                       105.76805
                28.30717                       106.22453
                28.40716                       106.68202
                28.50715                       107.14053
                28.60714                       107.60004
                28.70713                       108.06058
                28.80712                       108.52214
                28.90711                       108.98473
                 29.0071                       109.44835
                29.10709                       109.91301
                29.20708                       110.37871
                29.30707                       110.84545
                29.40706                       111.31325
                29.50705                       111.78209
                29.60704                       112.25198
                29.70703                       112.72294
                29.80702                       113.19495
                29.90701                       113.66802
                  30.007                       114.14216
                30.10699                       114.61737
                30.20698                       115.09364
                30.30697                       115.57098
                30.40696                       116.04939
                30.50695                       116.52887
                30.60694                       117.00942
                30.70693                       117.49104
                30.80692                       117.97372
                30.90691                       118.45747
                 31.0069                       118.94227
                31.10689                       119.42814
                31.20688                       119.91505
                31.30687                       120.40302
                31.40686                       120.89202
                31.50685                       121.38205
                31.60684                        121.8731
                31.70683                       122.36515
                31.80682                        122.8582
                31.90681                       123.35223
                 32.0068                       123.84722
                32.10679                       124.34315
                32.20678                       124.83999
                32.30677                       125.33771
                32.40676                        125.8363
                32.50675                        126.3357
                32.60674                       126.83588
                32.70673                       127.33679
                32.80672                       127.83838
                32.90671                       128.34059
                 33.0067                       128.84334
                33.10669                       129.34655
                33.20668                       129.85014
                33.30667                         130.354
                33.40666                         130.858
                33.50665                       131.36201
                33.60664                       131.86586
                33.70663                       132.36938
                33.80662                       132.87234
                33.90661                       133.37451
                 34.0066                        133.8756
                34.10659                       134.37529
                34.20658                       134.87322
                34.30657                       135.36897
                34.40656                        135.8621
                34.50655                       136.35212
                34.60654                       136.83851
                34.70653                        137.3208
                34.80652                       137.79861
                34.90651                        138.2718
                 35.0065                       138.74069
                35.10649                       139.20637
                35.20648                        139.6713
                35.30647                       140.13987
                35.40646                       140.61926
                35.50645                       141.11979
                35.60644                       141.65437
                35.70643                       142.23614
                35.80642                       142.87391
                35.90641                       143.56726
                 36.0064                       144.30448
                36.10639                       145.06574
                36.20638                       145.82985
                36.30637                        146.5804
                36.40636                       147.30815
                36.50635                       148.01029
                36.60634                       148.68814
                36.70633                       149.34506
                36.80632                         149.985
                36.90631                       150.61171
                 37.0063                       151.22844
                37.10629                       151.83782
                37.20628                       152.44198
                37.30627                       153.04254
                37.40626                       153.64079
                37.50625                       154.23771
                37.60624                       154.83405
                37.70623                       155.43041
                37.80622                       156.02722
                37.90621                       156.62486
                 38.0062                       157.22358
                38.10619                       157.82362
                38.20618                       158.42515
                38.30617                        159.0283
                38.40616                       159.63318
                38.50615                        160.2399
                38.60614                       160.84851
                38.70613                       161.45908
                38.80612                       162.07166
                38.90611                        162.6863
                 39.0061                       163.30304
                39.10609                        163.9219
                39.20608                       164.54291
                39.30607                        165.1661
                39.40606                       165.79149
                39.50605                       166.41911
                39.60604                       167.04897
                39.70603                       167.68109
                39.80602                       168.31548
                39.90601                       168.95217
                  40.006                       169.59117
                40.10599                        170.2325
                40.20598                       170.87617
                40.30597                       171.52219
                40.40596                       172.17058
                40.50595                       172.82136
                40.60594                       173.47455
                40.70593                       174.13015
                40.80592                       174.78818
                40.90591                       175.44865
                 41.0059                       176.11159
                41.10589                       176.77701
                41.20588                       177.44491
                41.30587                       178.11533
                41.40586                       178.78827
                41.50585                       179.46375
                41.60584                       180.14179
                41.70583                        180.8224
                41.80582                        181.5056
                41.90581                       182.19141
                 42.0058                       182.87984
                42.10579                       183.57091
                42.20578                       184.26464
                42.30577                       184.96105
                42.40576                       185.66015
                42.50575                       186.36196
                42.60574                        187.0665
                42.70573                       187.77379
                42.80572                       188.48385
                42.90571                       189.19669
                 43.0057                       189.91234
                43.10569                       190.63081
                43.20568                       191.35212
                43.30567                        192.0763
                43.40566                       192.80337
                43.50565                       193.53333
                43.60564                       194.26623
                43.70563                       195.00206
                43.80562                       195.74087
                43.90561                       196.48266
                 44.0056                       197.22745
                44.10559                       197.97528
                44.20558                       198.72616
                44.30557                       199.48012
                44.40556                       200.23717
                44.50555                       200.99733
                44.60554                       201.76064
                44.70553                       202.52712
                44.80552                       203.29678
                44.90551                       204.06965
                 45.0055                       204.84576
                45.10549                       205.62512
                45.20548                       206.40777
                45.30547                       207.19372
                45.40546                       207.98301
                45.50545                       208.77565
                45.60544                       209.57168
                45.70543                       210.37111
                45.80542                       211.17398
                45.90541                        211.9803
                 46.0054                       212.79011
                46.10539                       213.60343
                46.20538                       214.42029
                46.30537                       215.24072
                46.40536                       216.06474
                46.50535                       216.89238
                46.60534                       217.72367
                46.70533                       218.55863
                46.80532                        219.3973
                46.90531                       220.23971
                 47.0053                       221.08588
                47.10529                       221.93584
                47.20528                       222.78963
                47.30527                       223.64726
                47.40526                       224.50878
                47.50525                       225.37422
                47.60524                        226.2436
                47.70523                       227.11695
                47.80522                       227.99431
                47.90521                       228.87571
                 48.0052                       229.76119
                48.10519                       230.65077
                48.20518                       231.54448
                48.30517                       232.44237
                48.40516                       233.34446
                48.50515                       234.25079
                48.60514                       235.16139
                48.70513                        236.0763
                48.80512                       236.99556
                48.90511                       237.91919
                 49.0051                       238.84724
                49.10509                       239.77974
                49.20508                       240.71672
                49.30507                       241.65823
                49.40506                       242.60431
                49.50505                       243.55498
                49.60504                       244.51029
                49.70503                       245.47028
                49.80502                       246.43499
                49.90501                       247.40445
                      50                       248.32987
                  50.005                       248.37872
                50.10499                       249.35818
                50.20498                       250.34252
                50.30497                       251.33179
                50.40496                       252.32601
                50.50495                       253.32525
                50.60494                       254.32953
                50.70493                       255.33891
                50.80492                       256.35342
                50.90491                       257.37311
                 51.0049                       258.39803
                51.10489                       259.42821
                51.20488                       260.46372
                51.30487                       261.50458
                51.40486                       262.55086
                51.50485                       263.60259
                51.60484                       264.65983
                51.70483                       265.72262
                51.80482                       266.79102
                51.90481                       267.86506
                 52.0048                       268.94481
                52.10479                       270.03031
                52.20478                       271.12162
                52.30477                       272.21878
                52.40476                       273.32185
                52.50475                       274.43089
                52.60474                       275.54594
                52.70473                       276.66706
                52.80472                       277.79431
                52.90471                       278.92773
                 53.0047                        280.0674
                53.10469                       281.21336
                53.20468                       282.36568
                53.30467                        283.5244
                53.40466                        284.6896
                53.50465                       285.86133
                53.60464                       287.03965
                53.70463                       288.22463
                53.80462                       289.41631
                53.90461                       290.61478
                 54.0046                       291.82009
                54.10459                       293.03231
                54.20458                       294.25149
                54.30457                       295.47772
                54.40456                       296.71105
                54.50455                       297.95155
                54.60454                        299.1993
                54.70453                       300.45435
                54.80452                       301.71679
                54.90451                       302.98668
                 55.0045                        304.2641
                55.10449                       305.54911
                55.20448                       306.84179
                55.30447                       308.14223
                55.40446                       309.45048
                55.50445                       310.76664
                55.60444                       312.09077
                55.70443                       313.42296
                55.80442                       314.76329
                55.90441                       316.11184
                 56.0044                       317.46868
                56.10439                       318.83391
                56.20438                       320.20761
                56.30437                       321.58986
                56.40436                       322.98076
                56.50435                       324.38037
                56.60434                       325.78881
                56.70433                       327.20615
                56.80432                        328.6325
                56.90431                       330.06793
                 57.0043                       331.51254
                57.10429                       332.96644
                57.20428                       334.42971
                57.30427                       335.90246
                57.40426                       337.38478
                57.50425                       338.87677
                57.60424                       340.37854
                57.70423                       341.89019
                57.80422                       343.41182
                57.90421                       344.94354
                 58.0042                       346.48546
                58.10419                       348.03768
                58.20418                       349.60032
                58.30417                       351.17349
                58.40416                       352.75731
                58.50415                       354.35188
                58.60414                       355.95733
                58.70413                       357.57378
                58.80412                       359.20134
                58.90411                       360.84014
                 59.0041                        362.4903
                59.10409                       364.15196
                59.20408                       365.82522
                59.30407                       367.51024
                59.40406                       369.20713
                59.50405                       370.91604
                59.60404                       372.63709
                59.70403                       374.37043
                59.80402                       376.11635
                59.90401                       377.87483
                  60.004                       379.64603
                60.10399                       381.43008
                60.20398                       383.22714
                60.30397                       385.03736
                60.40396                       386.86089
                60.50395                       388.69789
                60.60394                       390.54851
                60.70393                       392.41292
                60.80392                       394.29127
                60.90391                       396.18374
                 61.0039                       398.09048
                61.10389                       400.01168
                61.20388                       401.94751
                61.30387                       403.89813
                61.40386                       405.86373
                61.50385                        407.8445
                61.60384                       409.84061
                61.70383                       411.85225
                61.80382                       413.87962
                61.90381                       415.92291
                 62.0038                       417.98232
                62.10379                       420.05804
                62.20378                       422.15028
                62.30377                       424.25925
                62.40376                       426.38515
                62.50375                       428.52821
                62.60374                       430.68863
                62.70373                       432.86665
                62.80372                       435.06248
                62.90371                       437.27635
                 63.0037                       439.50851
                63.10369                       441.75917
                63.20368                       444.02859
                63.30367                       446.31701
                63.40366                       448.62468
                63.50365                       450.95185
                63.60364                       453.29879
                63.70363                       455.66574
                63.80362                       458.05299
                63.90361                        460.4608
                 64.0036                       462.88945
                64.10359                       465.33923
                64.20358                       467.81041
                64.30357                       470.30329
                64.40356                       472.81818
                64.50355                       475.35536
                64.60354                       477.91515
                64.70353                       480.49787
                64.80352                       483.10384
                64.90351                       485.73337
                 65.0035                       488.38681
                65.10349                       491.06449
                65.20348                       493.76675
                65.30347                       496.49395
                65.40346                       499.24645
                65.50345                       502.02461
                65.60344                        504.8288
                65.70343                        507.6594
                65.80342                        510.5168
                65.90341                       513.40139
                 66.0034                       516.31357
                66.10339                       519.25376
                66.20338                       522.22236
                66.30337                       525.21982
                66.40336                       528.24656
                66.50335                       531.30302
                66.60334                       534.38965
                66.70333                       537.50693
                66.80332                       540.65532
                66.90331                        543.8353
                 67.0033                       547.04736
                67.10329                         550.292
                67.20328                       553.56973
                67.30327                       556.88108
                67.40326                       560.22657
                67.50325                       563.60676
                67.60324                        567.0222
                67.70323                       570.47345
                67.80322                       573.96109
                67.90321                       577.48573
                 68.0032                       581.04795
                68.10319                       584.64839
                68.20318                       588.28767
                68.30317                       591.96644
                68.40316                       595.68537
                68.50315                       599.44511
                68.60314                       603.24638
                68.70313                       607.08986
                68.80312                        610.9763
                68.90311                       614.90641
                 69.0031                       618.88096
                69.10309                       622.90073
                69.20308                       626.96649
                69.30307                       631.07907
                69.40306                        635.2393
                69.50305                       639.44801
                69.60304                       643.70608
                69.70303                        648.0144
                69.80302                       652.37387
                69.90301                       656.78544
                  70.003                       661.25005
                70.10299                        665.7687
                70.20298                       670.34237
                70.30297                        674.9721
                70.40296                       679.65894
                70.50295                       684.40397
                70.60294                        689.2083
                70.70293                       694.07307
                70.80292                       698.99944
                70.90291                       703.98861
                 71.0029                        709.0418
                71.10289                       714.16027
                71.20288                       719.34532
                71.30287                       724.59827
                71.40286                       729.92047
                71.50285                       735.31333
                71.60284                       740.77829
                71.70283                       746.31681
                71.80282                       751.93042
                71.90281                       757.62066
                 72.0028                       763.38915
                72.10279                       769.23752
                72.20278                       775.16746
                72.30277                       781.18072
                72.40276                       787.27907
                72.50275                       793.46437
                72.60274                       799.73851
                72.70273                       806.10343
                72.80272                       812.56114
                72.90271                        819.1137
                 73.0027                       825.76325
                73.10269                       832.51196
                73.20268                       839.36211
                73.30267                       846.31601
                73.40266                       853.37607
                73.50265                       860.54475
                73.60264                        867.8246
                73.70263                       875.21825
                73.80262                       882.72842
                73.90261                        890.3579
                 74.0026                       898.10958
                74.10259                       905.98644
                74.20258                       913.99158
                74.30257                       922.12815
                74.40256                       930.39947
                74.50255                       938.80892
                74.60254                       947.36001
                74.70253                       956.05638
                74.80252                        964.9018
                74.90251                       973.90013
                 75.0025                       983.05542
                75.10249                       992.37226
                75.20248                       1001.8545
                75.30247                       1011.5067
                75.40246                       1021.3335
                75.50245                       1031.3395
                75.60244                       1041.5299
                75.70243                       1051.9098
                75.80242                       1062.4845
                75.90241                       1073.2597
                 76.0024                        1084.241
                76.10239                       1095.4345
                76.20238                       1106.8464
                76.30237                       1118.4832
                76.40236                       1130.3517
                76.50235                       1142.4587
                76.60234                       1154.8117
                76.70233                       1167.4183
                76.80232                       1180.2862
                76.90231                       1193.4238
                 77.0023                       1206.8396
                77.10229                       1220.5426
                77.20228                       1234.5422
                77.30227                        1248.848
                77.40226                       1263.4703
                77.50225                       1278.4197
                77.60224                       1293.7072
                77.70223                       1309.3446
                77.80222                       1325.3439
                77.90221                       1341.7179
                 78.0022                       1358.4798
                78.10219                       1375.6438
                78.20218                       1393.2242
                78.30217                       1411.2366
                78.40216                       1429.6971
                78.50215                       1448.6224
                78.60214                       1468.0305
                78.70213                       1487.9399
                78.80212                       1508.3703
                78.90211                       1529.3424
                 79.0021                        1550.878
                79.10209                       1573.0001
                79.20208                       1595.7328
                79.30207                       1619.1018
                79.40206                        1643.134
                79.50205                       1667.8579
                79.60204                       1693.3039
                79.70203                       1719.5037
                79.80202                       1746.4914
                79.90201                       1774.3027
                  80.002                       1802.9759
                80.10199                       1832.5513
                80.20198                        1863.072
                80.30197                       1894.5837
                80.40196                       1927.1353
                80.50195                       1960.7787
                80.60194                       1995.5694
                80.70193                       2031.5666
                80.80192                       2068.8338
                80.90191                       2107.4386
                 81.0019                       2147.4538
                81.10189                       2188.9575
                81.20188                       2232.0333
                81.30187                       2276.7715
                81.40186                       2323.2689
                81.50185                       2371.6304
                81.60184                       2421.9687
                81.70183                       2474.4062
                81.80182                       2529.0751
                81.90181                       2586.1187
                 82.0018                       2645.6929
                82.10179                       2707.9671
                82.20178                       2773.1259
                82.30177                       2841.3708
                82.40176                       2912.9221
                82.50175                       2988.0211
                82.60174                       3066.9324
                82.70173                       3149.9471
                82.80172                       3237.3859
                82.90171                       3329.6025
                 83.0017                       3426.9885
                83.10169                       3529.9777
                83.20168                       3639.0521
                83.30167                       3754.7484
                83.40166                       3877.6654
                83.50165                       4008.4732
                83.60164                       4147.9226
                83.70163                       4296.8577
                83.80162                       4456.2288
                83.90161                        4627.109
                 84.0016                       4810.7115
                84.10159                       5008.4113
                84.20158                       5221.7689
                84.30157                       5452.5568
                84.40156                       5702.7897
                84.50155                       5974.7561
                84.60154                       6271.0502
                84.70153                       6594.6018
                84.80152                       6948.6962
                84.90151                       7336.9764
                 85.0015                       7763.4064
                85.10149                       8232.1692
                85.20148                       8747.4495
                85.30147                       9313.0263
                85.40146                       9931.5628
                85.50145                       10603.438
                85.60144                       11324.936
                85.70143                       12085.647
                85.80142                       12865.149
                85.90141                       13629.629
                 86.0014                       14330.095
                86.10139                       14904.998
                86.20138                       15289.967
                86.30137                       15434.223
                86.40136                       15317.418
                86.50135                       14957.227
                86.60134                       14402.641
                86.70133                       13717.471
                86.80132                       12963.677
                86.90131                        12191.15
                 87.0013                       11434.684
                87.10129                       10715.547
                87.20128                       10044.792
                87.30127                       9426.5927
                87.40126                       8860.8767
                87.50125                       8345.1824
                87.60124                       7875.8594
                87.70123                       7448.8031
                87.80122                       7059.8794
                87.90121                       6705.1532
                 88.0012                       6380.9979
                88.10119                       6084.1363
                88.20118                       5811.6424
                88.30117                       5560.9224
                88.40116                       5329.6866
                88.50115                       5115.9184
                88.60114                       4917.8425
                88.70113                       4733.8959
                88.80112                       4562.7008
                88.90111                       4403.0413
                 89.0011                        4253.842
                89.10109                       4114.1502
                89.20108                       3983.1199
                89.30107                       3859.9983
                89.40106                       3744.1137
                89.50105                       3634.8658
                89.60104                       3531.7164
                89.70103                       3434.1825
                89.80102                       3341.8289
                89.90101                       3254.2633
                  90.001                        3171.131
                90.10099                       3092.1104
                90.20098                       3016.9099
                90.30097                       2945.2641
                90.40096                       2876.9312
                90.50095                       2811.6903
                90.60094                       2749.3395
                90.70093                       2689.6937
                90.80092                       2632.5832
                90.90091                       2577.8518
                 91.0009                       2525.3557
                91.10089                       2474.9624
                91.20088                       2426.5494
                91.30087                       2380.0037
                91.40086                       2335.2202
                91.50085                       2292.1018
                91.60084                       2250.5582
                91.70083                       2210.5054
                91.80082                       2171.8653
                91.90081                        2134.565
                 92.0008                       2098.5365
                92.10079                       2063.7165
                92.20078                       2030.0455
                92.30077                        1997.468
                92.40076                       1965.9318
                92.50075                       1935.3882
                92.60074                       1905.7913
                92.70073                       1877.0979
                92.80072                       1849.2676
                92.90071                       1822.2621
                 93.0007                       1796.0456
                93.10069                        1770.584
                93.20068                       1745.8454
                93.30067                       1721.7995
                93.40066                       1698.4178
                93.50065                       1675.6731
                93.60064                       1653.5399
                93.70063                        1631.994
                93.80062                       1611.0123
                93.90061                       1590.5731
                 94.0006                       1570.6555
                94.10059                       1551.2399
                94.20058                       1532.3077
                94.30057                        1513.841
                94.40056                       1495.8229
                94.50055                       1478.2373
                94.60054                       1461.0688
                94.70053                       1444.3027
                94.80052                       1427.9252
                94.90051                       1411.9227
                 95.0005                       1396.2827
                95.10049                        1380.993
                95.20048                       1366.0418
                95.30047                       1351.4182
                95.40046                       1337.1114
                95.50045                       1323.1113
                95.60044                        1309.408
                95.70043                       1295.9924
                95.80042                       1282.8553
                95.90041                       1269.9882
                 96.0004                       1257.3829
                96.10039                       1245.0314
                96.20038                       1232.9262
                96.30037                       1221.0599
                96.40036                       1209.4255
                96.50035                       1198.0163
                96.60034                       1186.8258
                96.70033                       1175.8477
                96.80032                       1165.0761
                96.90031                       1154.5052
                 97.0003                       1144.1294
                97.10029                       1133.9433
                97.20028                       1123.9418
                97.30027                       1114.1198
                97.40026                       1104.4727
                97.50025                       1094.9957
                97.60024                       1085.6843
                97.70023                       1076.5343
                97.80022                       1067.5415
                97.90021                       1058.7018
                 98.0002                       1050.0114
                98.10019                       1041.4664
                98.20018                       1033.0633
                98.30017                       1024.7986
                98.40016                       1016.6688
                98.50015                       1008.6706
                98.60014                       1000.8009
                98.70013                       993.05652
                98.80012                       985.43457
                98.90011                       977.93212
                 99.0001                       970.54636
                99.10009                       963.27459
                99.20008                       956.11416
                99.30007                       949.06253
                99.40006                       942.11723
                99.50005                       935.27585
                99.60004                       928.53607
                99.70003                       921.89563
                99.80002                       915.35233
                99.90001                       908.90405
                     100                       902.54872

