                    0.01                       2.1088577
                 0.10999                       21.174827
                 0.20998                       32.748243
                 0.30997                       38.868998
                 0.40996                       43.308119
                 0.50995                        46.83755
                 0.60994                        49.80423
                 0.70993                       52.386996
                 0.80992                       54.688151
                 0.90991                       56.874463
                  1.0099                       58.892231
                 1.10989                       60.770195
                 1.20988                        62.52935
                 1.30987                        64.18562
                 1.40986                       65.751464
                 1.50985                       67.236888
                 1.60984                       68.650107
                 1.70983                       69.997987
                 1.80982                       71.312761
                 1.90981                       72.573981
                  2.0098                       73.785949
                 2.10979                       74.952442
                 2.20978                       76.076796
                 2.30977                       77.161986
                 2.40976                       78.210671
                 2.50975                       79.225248
                 2.60974                       80.207883
                 2.70973                       81.160543
                 2.80972                        82.08502
                 2.90971                       82.982951
                  3.0097                       83.855838
                 3.10969                       84.705059
                 3.20968                       85.531885
                 3.30967                       86.337489
                 3.40966                       87.122956
                 3.50965                        87.88929
                 3.60964                       88.637425
                 3.70963                       89.368227
                 3.80962                       90.082503
                 3.90961                       90.781007
                  4.0096                        91.46444
                 4.10959                        92.13346
                 4.20958                       92.798899
                 4.30957                       93.451258
                 4.40956                       94.091073
                 4.50955                       94.718845
                 4.60954                       95.335048
                 4.70953                       95.940125
                 4.80952                       96.534493
                 4.90951                       97.118545
                  5.0095                       97.692653
                 5.10949                       98.257166
                 5.20948                       98.812413
                 5.30947                       99.358707
                 5.40946                       99.896341
                 5.50945                       100.42559
                 5.60944                       100.94673
                 5.70943                          101.46
                 5.80942                       101.96564
                 5.90941                       102.46387
                  6.0094                       102.95491
                 6.10939                       103.43895
                 6.20938                       103.91619
                 6.30937                       104.38682
                 6.40936                       104.85099
                 6.50935                       105.30889
                 6.60934                       105.76065
                 6.70933                       106.20644
                 6.80932                       106.64639
                 6.90931                       107.08064
                  7.0093                       107.50932
                 7.10929                       107.93254
                 7.20928                       108.35043
                 7.30927                        108.7631
                 7.40926                       109.17065
                 7.50925                       109.57318
                 7.60924                       109.97079
                 7.70923                       110.36357
                 7.80922                       110.75161
                 7.90921                         111.135
                  8.0092                       111.51381
                 8.10919                       111.88812
                 8.20918                       112.25801
                 8.30917                       112.62354
                 8.40916                       112.98478
                 8.50915                        113.3418
                 8.60914                       113.69466
                 8.70913                       114.04341
                 8.80912                       114.38812
                 8.90911                       114.72884
                  9.0091                       115.06561
                 9.10909                        115.3985
                 9.20908                       115.72755
                 9.30907                        116.0528
                 9.40906                        116.3743
                 9.50905                       116.69209
                 9.60904                       117.00621
                 9.70903                        117.3167
                 9.80902                        117.6236
                 9.90901                       117.92694
                  10.009                       118.22676
                10.10899                        118.5231
                10.20898                       118.81598
                10.30897                       119.10544
                10.40896                        119.3915
                10.50895                        119.6742
                10.60894                       119.95357
                10.70893                       120.22962
                10.80892                       120.50239
                10.90891                       120.77533
                 11.0089                       121.04504
                11.10889                       121.31156
                11.20888                       121.57491
                11.30887                       121.83511
                11.40886                       122.09218
                11.50885                       122.34614
                11.60884                       122.59701
                11.70883                       122.84482
                11.80882                       123.08957
                11.90881                        123.3313
                 12.0088                       123.57001
                12.10879                       123.80573
                12.20878                       124.03846
                12.30877                       124.26824
                12.40876                       124.49507
                12.50875                       124.71897
                12.60874                       124.93996
                12.70873                       125.15805
                12.80872                       125.37326
                12.90871                        125.5856
                 13.0087                       125.79508
                13.10869                       126.00173
                13.20868                       126.20554
                13.30867                       126.40655
                13.40866                       126.60476
                13.50865                       126.80019
                13.60864                       126.99284
                13.70863                       127.18274
                13.80862                       127.36989
                13.90861                       127.55432
                 14.0086                       127.73602
                14.10859                       127.91501
                14.20858                       128.09132
                14.30857                       128.26494
                14.40856                       128.43589
                14.50855                       128.60419
                14.60854                       128.76984
                14.70853                       128.93286
                14.80852                       129.09326
                14.90851                       129.25106
                 15.0085                       129.40626
                15.10849                       129.55888
                15.20848                       129.70893
                15.30847                       129.85642
                15.40846                       130.00137
                15.50845                       130.14378
                15.60844                       130.28367
                15.70843                       130.42106
                15.80842                       130.55594
                15.90841                       130.68835
                 16.0084                       130.81828
                16.10839                       130.94575
                16.20838                       131.07078
                16.30837                       131.19337
                16.40836                       131.31354
                16.50835                       131.43131
                16.60834                       131.54667
                16.70833                       131.65966
                16.80832                       131.77027
                16.90831                       131.87852
                 17.0083                       131.98443
                17.10829                       132.08801
                17.20828                       132.18927
                17.30827                       132.28823
                17.40826                       132.38489
                17.50825                       132.47928
                17.60824                        132.5714
                17.70823                       132.66126
                17.80822                       132.74889
                17.90821                        132.8343
                 18.0082                       132.91749
                18.10819                       132.99849
                18.20818                        133.0773
                18.30817                       133.15395
                18.40816                       133.22843
                18.50815                       133.30078
                18.60814                         133.371
                18.70813                       133.43911
                18.80812                       133.50512
                18.90811                       133.56904
                 19.0081                        133.6309
                19.10809                        133.6907
                19.20808                       133.74846
                19.30807                       133.80419
                19.40806                       133.85791
                19.50805                       133.90964
                19.60804                       133.95939
                19.70803                       134.00717
                19.80802                         134.053
                19.90801                       134.09689
                  20.008                       134.13887
                20.10799                       134.17893
                20.20798                       134.21711
                20.30797                       134.25342
                20.40796                       134.28787
                20.50795                       134.32047
                20.60794                       134.35125
                20.70793                       134.38021
                20.80792                       134.40738
                20.90791                       134.43277
                 21.0079                        134.4564
                21.10789                       134.47828
                21.20788                       134.49842
                21.30787                       134.51685
                21.40786                       134.53359
                21.50785                       134.54864
                21.60784                       134.56202
                21.70783                       134.57376
                21.80782                       134.58386
                21.90781                       134.59235
                 22.0078                       134.59924
                22.10779                       134.60455
                22.20778                       134.60829
                22.30777                       134.61049
                22.40776                       134.61116
                22.50775                       134.61032
                22.60774                       134.60799
                22.70773                       134.60418
                22.80772                       134.59892
                22.90771                       134.59223
                 23.0077                       134.58412
                23.10769                       134.57462
                23.20768                       134.56375
                23.30767                       134.55154
                23.40766                       134.53801
                23.50765                       134.52319
                23.60764                       134.50712
                23.70763                        134.4904
                23.80762                       134.47251
                23.90761                       134.45349
                 24.0076                       134.43341
                24.10759                       134.41236
                24.20758                       134.39044
                24.30757                       134.36783
                24.40756                       134.34475
                24.50755                       134.32157
                24.60754                       134.29889
                24.70753                       134.27774
                24.80752                       134.25993
                24.90751                       134.24874
                      25                       134.24834
                 25.0075                        134.2488
                25.10749                       134.25621
                25.20748                       134.22256
                25.30747                       134.12209
                25.40746                       134.03093
                25.50745                       133.96656
                25.60744                       133.91547
                25.70743                       133.86956
                25.80742                       133.82541
                25.90741                       133.78159
                 26.0074                       133.73758
                26.10739                       133.69296
                26.20738                       133.64758
                26.30737                       133.60138
                26.40736                       133.55432
                26.50735                       133.50639
                26.60734                        133.4576
                26.70733                       133.40795
                26.80732                       133.35745
                26.90731                       133.30612
                 27.0073                       133.25397
                27.10729                       133.20101
                27.20728                       133.14726
                27.30727                       133.09273
                27.40726                       133.03745
                27.50725                       132.98143
                27.60724                       132.92467
                27.70723                        132.8672
                27.80722                       132.80904
                27.90721                       132.75019
                 28.0072                       132.69068
                28.10719                       132.63051
                28.20718                       132.56971
                28.30717                       132.50828
                28.40716                       132.44625
                28.50715                       132.38362
                28.60714                       132.32042
                28.70713                       132.25665
                28.80712                       132.19234
                28.90711                       132.12749
                 29.0071                       132.06211
                29.10709                       131.99624
                29.20708                       131.92986
                29.30707                       131.86301
                29.40706                        131.7957
                29.50705                       131.72793
                29.60704                       131.65973
                29.70703                        131.5911
                29.80702                       131.52206
                29.90701                       131.45263
                  30.007                       131.38281
                30.10699                       131.31262
                30.20698                       131.24208
                30.30697                       131.17119
                30.40696                       131.09997
                30.50695                       131.02843
                30.60694                       130.95658
                30.70693                       130.88444
                30.80692                       130.81203
                30.90691                       130.73934
                 31.0069                        130.6664
                31.10689                       130.59322
                31.20688                       130.51981
                31.30687                       130.44618
                31.40686                       130.37235
                31.50685                       130.29832
                31.60684                       130.22411
                31.70683                       130.14973
                31.80682                       130.07519
                31.90681                       130.00051
                 32.0068                       129.92569
                32.10679                       129.85076
                32.20678                       129.77571
                32.30677                       129.70056
                32.40676                       129.62532
                32.50675                       129.55001
                32.60674                       129.47463
                32.70673                       129.39919
                32.80672                       129.32372
                32.90671                       129.24839
                 33.0067                       129.17304
                33.10669                       129.09769
                33.20668                       129.02233
                33.30667                       128.94698
                33.40666                       128.87166
                33.50665                       128.79637
                33.60664                       128.72112
                33.70663                       128.64592
                33.80662                       128.57079
                33.90661                       128.49573
                 34.0066                       128.42075
                34.10659                       128.34587
                34.20658                        128.2711
                34.30657                       128.19643
                34.40656                       128.12189
                34.50655                       128.04749
                34.60654                       127.97323
                34.70653                       127.89912
                34.80652                       127.82518
                34.90651                       127.75141
                 35.0065                       127.67782
                35.10649                       127.60442
                35.20648                       127.53123
                35.30647                       127.45825
                35.40646                       127.38548
                35.50645                       127.31295
                35.60644                       127.24066
                35.70643                       127.16861
                35.80642                       127.09683
                35.90641                        127.0253
                 36.0064                       126.95406
                36.10639                        126.8831
                36.20638                       126.81243
                36.30637                       126.74207
                36.40636                       126.67202
                36.50635                       126.60229
                36.60634                       126.53289
                36.70633                       126.46383
                36.80632                       126.39512
                36.90631                       126.32676
                 37.0063                       126.25877
                37.10629                       126.19116
                37.20628                       126.12392
                37.30627                       126.05709
                37.40626                       125.99065
                37.50625                       125.92462
                37.60624                       125.85902
                37.70623                       125.79384
                37.80622                        125.7291
                37.90621                        125.6648
                 38.0062                       125.60097
                38.10619                       125.53759
                38.20618                        125.4747
                38.30617                       125.41228
                38.40616                       125.35036
                38.50615                       125.28895
                38.60614                       125.22804
                38.70613                       125.16766
                38.80612                       125.10781
                38.90611                        125.0485
                 39.0061                       124.98975
                39.10609                       124.93156
                39.20608                       124.87394
                39.30607                        124.8169
                39.40606                       124.76046
                39.50605                       124.70463
                39.60604                       124.64941
                39.70603                       124.59482
                39.80602                       124.54087
                39.90601                       124.48757
                  40.006                       124.43494
                40.10599                       124.38298
                40.20598                       124.33172
                40.30597                       124.28115
                40.40596                        124.2313
                40.50595                       124.18218
                40.60594                       124.13381
                40.70593                       124.08619
                40.80592                       124.03935
                40.90591                        123.9933
                 41.0059                       123.94805
                41.10589                       123.90362
                41.20588                       123.86003
                41.30587                        123.8173
                41.40586                       123.77544
                41.50585                       123.73447
                41.60584                       123.69441
                41.70583                       123.65528
                41.80582                        123.6171
                41.90581                       123.57989
                 42.0058                       123.54368
                42.10579                       123.50847
                42.20578                       123.47431
                42.30577                        123.4412
                42.40576                       123.40918
                42.50575                       123.37826
                42.60574                       123.34848
                42.70573                       123.31986
                42.80572                       123.29242
                42.90571                        123.2662
                 43.0057                       123.24122
                43.10569                       123.21752
                43.20568                       123.19511
                43.30567                       123.17403
                43.40566                       123.15431
                43.50565                       123.13598
                43.60564                       123.11908
                43.70563                       123.10363
                43.80562                       123.08967
                43.90561                       123.07723
                 44.0056                       123.06635
                44.10559                       123.05706
                44.20558                       123.04938
                44.30557                       123.04337
                44.40556                       123.03904
                44.50555                       123.03645
                44.60554                        123.0356
                44.70553                       123.03655
                44.80552                       123.03933
                44.90551                       123.04388
                 45.0055                       123.05032
                45.10549                       123.05867
                45.20548                       123.06898
                45.30547                       123.08126
                45.40546                       123.09556
                45.50545                       123.11188
                45.60544                       123.13026
                45.70543                       123.15071
                45.80542                       123.17326
                45.90541                       123.19793
                 46.0054                       123.22473
                46.10539                       123.25366
                46.20538                       123.28475
                46.30537                       123.31799
                46.40536                       123.35339
                46.50535                       123.39094
                46.60534                       123.43065
                46.70533                       123.47249
                46.80532                       123.51645
                46.90531                       123.56251
                 47.0053                       123.61065
                47.10529                       123.66083
                47.20528                       123.71302
                47.30527                       123.76717
                47.40526                       123.82323
                47.50525                       123.88114
                47.60524                       123.94085
                47.70523                       124.00228
                47.80522                       124.06537
                47.90521                       124.13006
                 48.0052                       124.19629
                48.10519                       124.26482
                48.20518                       124.33487
                48.30517                       124.40652
                48.40516                       124.47995
                48.50515                       124.55557
                48.60514                       124.63403
                48.70513                       124.71643
                48.80512                       124.80444
                48.90511                        124.9004
                 49.0051                       125.00666
                49.10509                       125.12684
                49.20508                       125.26244
                49.30507                       125.41055
                49.40506                       125.55973
                49.50505                       125.68822
                49.60504                        125.7713
                49.70503                       125.80241
                49.80502                       125.81175
                49.90501                       125.85502
                      50                       125.95178
                  50.005                       125.95783
                50.10499                       126.08072
                50.20498                        126.1978
                50.30497                       126.31426
                50.40496                       126.43462
                50.50495                       126.55895
                50.60494                       126.68606
                50.70493                       126.81484
                50.80492                       126.94459
                50.90491                       127.07489
                 51.0049                       127.20556
                51.10489                       127.33653
                51.20488                       127.46779
                51.30487                       127.59938
                51.40486                       127.73136
                51.50485                       127.86381
                51.60484                       127.99677
                51.70483                       128.13029
                51.80482                       128.26444
                51.90481                       128.39926
                 52.0048                       128.53479
                52.10479                       128.67105
                52.20478                       128.80808
                52.30477                       128.94591
                52.40476                       129.08454
                52.50475                       129.22399
                52.60474                       129.36428
                52.70473                       129.50506
                52.80472                       129.64668
                52.90471                       129.78914
                 53.0047                       129.93244
                53.10469                        130.0766
                53.20468                       130.22163
                53.30467                       130.36759
                53.40466                       130.51457
                53.50465                       130.66273
                53.60464                       130.81234
                53.70463                        130.9638
                53.80462                       131.11772
                53.90461                       131.27487
                 54.0046                       131.43614
                54.10459                       131.60231
                54.20458                       131.77374
                54.30457                       131.95006
                54.40456                       132.13097
                54.50455                       132.31415
                54.60454                       132.49813
                54.70453                       132.68194
                54.80452                        132.8651
                54.90451                       133.04762
                 55.0045                       133.22972
                55.10449                       133.41176
                55.20448                       133.59409
                55.30447                       133.77702
                55.40446                       133.96082
                55.50445                        134.1457
                55.60444                       134.33183
                55.70443                       134.51934
                55.80442                       134.70792
                55.90441                       134.89806
                 56.0044                       135.08983
                56.10439                       135.28328
                56.20438                       135.47846
                56.30437                       135.67541
                56.40436                       135.87416
                56.50435                       136.07474
                56.60434                       136.27717
                56.70433                       136.48147
                56.80432                       136.68767
                56.90431                       136.89579
                 57.0043                       137.10585
                57.10429                       137.31786
                57.20428                       137.53184
                57.30427                       137.74781
                57.40426                       137.96578
                57.50425                       138.18578
                57.60424                       138.40781
                57.70423                        138.6319
                57.80422                       138.85806
                57.90421                        139.0863
                 58.0042                       139.31664
                58.10419                        139.5491
                58.20418                       139.78369
                58.30417                       140.02043
                58.40416                       140.25932
                58.50415                       140.50039
                58.60414                       140.74366
                58.70413                       140.98912
                58.80412                       141.23681
                58.90411                       141.48674
                 59.0041                       141.73892
                59.10409                       141.99336
                59.20408                       142.25008
                59.30407                        142.5091
                59.40406                       142.77043
                59.50405                       143.03409
                59.60404                       143.30008
                59.70403                       143.56843
                59.80402                       143.83915
                59.90401                       144.11226
                  60.004                       144.38776
                60.10399                       144.66568
                60.20398                       144.94608
                60.30397                       145.22891
                60.40396                       145.51421
                60.50395                       145.80199
                60.60394                       146.09226
                60.70393                       146.38503
                60.80392                       146.68032
                60.90391                       146.97815
                 61.0039                       147.27853
                61.10389                       147.58148
                61.20388                       147.88701
                61.30387                       148.19514
                61.40386                       148.50588
                61.50385                       148.81925
                61.60384                       149.13526
                61.70383                       149.45394
                61.80382                       149.77529
                61.90381                       150.09934
                 62.0038                       150.42609
                62.10379                       150.75556
                62.20378                       151.08778
                62.30377                       151.42275
                62.40376                        151.7605
                62.50375                       152.10104
                62.60374                       152.44438
                62.70373                       152.79054
                62.80372                       153.13954
                62.90371                        153.4914
                 63.0037                       153.84613
                63.10369                       154.20374
                63.20368                       154.56427
                63.30367                       154.92772
                63.40366                       155.29411
                63.50365                       155.66345
                63.60364                       156.03578
                63.70363                       156.41109
                63.80362                       156.78942
                63.90361                       157.17077
                 64.0036                       157.55518
                64.10359                       157.94264
                64.20358                       158.33319
                64.30357                       158.72684
                64.40356                       159.12362
                64.50355                       159.52353
                64.60354                       159.92659
                64.70353                       160.33284
                64.80352                       160.74228
                64.90351                       161.15493
                 65.0035                       161.57082
                65.10349                       161.98996
                65.20348                       162.41238
                65.30347                       162.83808
                65.40346                        163.2671
                65.50345                       163.69946
                65.60344                       164.13517
                65.70343                       164.57425
                65.80342                       165.01673
                65.90341                       165.46262
                 66.0034                       165.91195
                66.10339                       166.36474
                66.20338                         166.821
                66.30337                       167.28077
                66.40336                       167.74406
                66.50335                        168.2109
                66.60334                        168.6813
                66.70333                        169.1553
                66.80332                        169.6329
                66.90331                       170.11414
                 67.0033                       170.59904
                67.10329                       171.08761
                67.20328                        171.5799
                67.30327                       172.07591
                67.40326                       172.57567
                67.50325                       173.07921
                67.60324                       173.58655
                67.70323                       174.09771
                67.80322                       174.61272
                67.90321                       175.13161
                 68.0032                        175.6544
                68.10319                       176.18111
                68.20318                       176.71177
                68.30317                       177.24641
                68.40316                       177.78506
                68.50315                       178.32773
                68.60314                       178.87446
                68.70313                       179.42528
                68.80312                        179.9802
                68.90311                       180.53927
                 69.0031                        181.1025
                69.10309                       181.66992
                69.20308                       182.24157
                69.30307                       182.81747
                69.40306                       183.39765
                69.50305                       183.98213
                69.60304                       184.57096
                69.70303                       185.16416
                69.80302                       185.76176
                69.90301                       186.36379
                  70.003                       186.97027
                70.10299                       187.58125
                70.20298                       188.19676
                70.30297                       188.81681
                70.40296                       189.44146
                70.50295                       190.07072
                70.60294                       190.70464
                70.70293                       191.34324
                70.80292                       191.98657
                70.90291                       192.63464
                 71.0029                        193.2875
                71.10289                       193.94519
                71.20288                       194.60773
                71.30287                       195.27516
                71.40286                       195.94752
                71.50285                       196.62484
                71.60284                       197.30716
                71.70283                       197.99452
                71.80282                       198.68696
                71.90281                        199.3845
                 72.0028                        200.0872
                72.10279                       200.79508
                72.20278                       201.50819
                72.30277                       202.22657
                72.40276                       202.95026
                72.50275                       203.67929
                72.60274                        204.4137
                72.70273                       205.15355
                72.80272                       205.89886
                72.90271                       206.64969
                 73.0027                       207.40607
                73.10269                       208.16805
                73.20268                       208.93566
                73.30267                       209.70897
                73.40266                         210.488
                73.50265                        211.2728
                73.60264                       212.06342
                73.70263                       212.85991
                73.80262                       213.66231
                73.90261                       214.47067
                 74.0026                       215.28503
                74.10259                       216.10545
                74.20258                       216.93196
                74.30257                       217.76463
                74.40256                        218.6035
                74.50255                       219.44862
                74.60254                       220.30005
                74.70253                       221.15782
                74.80252                         222.022
                74.90251                       222.89264
                 75.0025                       223.76979
                75.10249                       224.65357
                75.20248                       225.54397
                75.30247                       226.44104
                75.40246                       227.34485
                75.50245                       228.25544
                75.60244                       229.17287
                75.70243                       230.09721
                75.80242                        231.0285
                75.90241                       231.96682
                 76.0024                       232.91221
                76.10239                       233.86474
                76.20238                       234.82446
                76.30237                       235.79145
                76.40236                       236.76577
                76.50235                       237.74746
                76.60234                       238.73661
                76.70233                       239.73328
                76.80232                       240.73753
                76.90231                       241.74942
                 77.0023                       242.76903
                77.10229                       243.79642
                77.20228                       244.83166
                77.30227                       245.87482
                77.40226                       246.92597
                77.50225                       247.98518
                77.60224                       249.05252
                77.70223                       250.12807
                77.80222                        251.2119
                77.90221                       252.30409
                 78.0022                        253.4047
                78.10219                       254.51382
                78.20218                       255.63152
                78.30217                       256.75789
                78.40216                       257.89299
                78.50215                       259.03692
                78.60214                       260.18974
                78.70213                       261.35155
                78.80212                       262.52243
                78.90211                       263.70245
                 79.0021                       264.89171
                79.10209                       266.09029
                79.20208                       267.29828
                79.30207                       268.51576
                79.40206                       269.74283
                79.50205                       270.97957
                79.60204                       272.22608
                79.70203                       273.48245
                79.80202                       274.74877
                79.90201                       276.02514
                  80.002                       277.31164
                80.10199                       278.60839
                80.20198                       279.91547
                80.30197                       281.23299
                80.40196                       282.56104
                80.50195                       283.89974
                80.60194                       285.24917
                80.70193                       286.60945
                80.80192                       287.98067
                80.90191                       289.36295
                 81.0019                        290.7564
                81.10189                       292.16112
                81.20188                       293.57722
                81.30187                       295.00481
                81.40186                       296.44402
                81.50185                       297.89494
                81.60184                        299.3577
                81.70183                       300.83242
                81.80182                       302.31921
                81.90181                       303.81819
                 82.0018                       305.32949
                82.10179                       306.85322
                82.20178                       308.38952
                82.30177                       309.93849
                82.40176                       311.50029
                82.50175                       313.07502
                82.60174                       314.66283
                82.70173                       316.26383
                82.80172                       317.87818
                82.90171                       319.50599
                 83.0017                       321.14742
                83.10169                       322.80258
                83.20168                       324.47163
                83.30167                       326.15471
                83.40166                       327.85195
                83.50165                        329.5635
                83.60164                       331.28951
                83.70163                       333.03012
                83.80162                       334.78548
                83.90161                       336.55575
                 84.0016                       338.34108
                84.10159                       340.14161
                84.20158                       341.95751
                84.30157                       343.78893
                84.40156                       345.63603
                84.50155                       347.49897
                84.60154                       349.37792
                84.70153                       351.27304
                84.80152                       353.18449
                84.90151                       355.11244
                 85.0015                       357.05706
                85.10149                       359.01853
                85.20148                       360.99701
                85.30147                       362.99267
                85.40146                       365.00571
                85.50145                       367.03629
                85.60144                       369.08459
                85.70143                       371.15079
                85.80142                       373.23508
                85.90141                       375.33765
                 86.0014                       377.45867
                86.10139                       379.59834
                86.20138                       381.75685
                86.30137                       383.93438
                86.40136                       386.13114
                86.50135                       388.34731
                86.60134                        390.5831
                86.70133                       392.83869
                86.80132                       395.11429
                86.90131                       397.41011
                 87.0013                       399.72633
                87.10129                       402.06318
                87.20128                       404.42084
                87.30127                       406.79954
                87.40126                       409.19947
                87.50125                       411.62092
                87.60124                       414.06403
                87.70123                         416.529
                87.80122                       419.01606
                87.90121                       421.52542
                 88.0012                       424.05728
                88.10119                       426.61188
                88.20118                       429.18941
                88.30117                       431.79011
                88.40116                       434.41419
                88.50115                       437.06187
                88.60114                       439.73336
                88.70113                       442.42889
                88.80112                       445.14868
                88.90111                       447.89294
                 89.0011                       450.66191
                89.10109                       453.45579
                89.20108                        456.2748
                89.30107                       459.11918
                89.40106                       461.98912
                89.50105                       464.88487
                89.60104                       467.80662
                89.70103                        470.7546
                89.80102                       473.72902
                89.90101                        476.7301
                  90.001                       479.75805
                90.10099                       482.81308
                90.20098                       485.89539
                90.30097                       489.00519
                90.40096                       492.14269
                90.50095                       495.30809
                90.60094                       498.50157
                90.70093                       501.72335
                90.80092                       504.97359
                90.90091                        508.2525
                 91.0009                       511.56026
                91.10089                       514.89703
                91.20088                       518.26299
                91.30087                       521.65831
                91.40086                       525.08314
                91.50085                       528.53764
                91.60084                       532.02196
                91.70083                       535.53623
                91.80082                       539.08059
                91.90081                       542.65516
                 92.0008                       546.26006
                92.10079                       549.89538
                92.20078                       553.56122
                92.30077                       557.25768
                92.40076                       560.98481
                92.50075                       564.74268
                92.60074                       568.53135
                92.70073                       572.35085
                92.80072                       576.20119
                92.90071                       580.08239
                 93.0007                       583.99443
                93.10069                        587.9373
                93.20068                       591.91095
                93.30067                       595.91532
                93.40066                       599.95034
                93.50065                        604.0159
                93.60064                       608.11189
                93.70063                       612.23816
                93.80062                       616.39456
                93.90061                        620.5809
                 94.0006                       624.79696
                94.10059                       629.04252
                94.20058                       633.31729
                94.30057                         637.621
                94.40056                       641.95333
                94.50055                       646.31391
                94.60054                       650.70237
                94.70053                       655.11829
                94.80052                       659.56123
                94.90051                       664.03069
                 95.0005                       668.52615
                95.10049                       673.04705
                95.20048                        677.5928
                95.30047                       682.16275
                95.40046                       686.75622
                95.50045                       691.37248
                95.60044                       696.01077
                95.70043                       700.67026
                95.80042                       705.35009
                95.90041                       710.04935
                 96.0004                       714.76708
                96.10039                       719.50225
                96.20038                        724.2538
                96.30037                       729.02061
                96.40036                        733.8015
                96.50035                       738.59523
                96.60034                       743.40051
                96.70033                         748.216
                96.80032                       753.04028
                96.90031                       757.87187
                 97.0003                       762.70926
                97.10029                       767.55083
                97.20028                       772.39493
                97.30027                       777.23984
                97.40026                       782.08377
                97.50025                       786.92488
                97.60024                       791.76123
                97.70023                       796.59086
                97.80022                       801.41171
                97.90021                       806.22168
                 98.0002                       811.01859
                98.10019                       815.80021
                98.20018                       820.56423
                98.30017                        825.3083
                98.40016                       830.02999
                98.50015                       834.72682
                98.60014                       839.39625
                98.70013                        844.0357
                98.80012                       848.64251
                98.90011                         853.214
                 99.0001                       857.74741
                99.10009                       862.23997
                99.20008                       866.68884
                99.30007                       871.09116
                99.40006                       875.44402
                99.50005                       879.74451
                99.60004                       883.98965
                99.70003                       888.17647
                99.80002                         892.302
                99.90001                       896.36321
                     100                        900.3571

