        Frequency / MHz                Z1,1/abs,linear
----------------------------------------------------------------------
                    0.01                     0.066967908
                 0.10999                      0.56351477
                 0.20998                       1.0612545
                 0.30997                       1.5596906
                 0.40996                       2.0587884
                 0.50995                       2.5585423
                 0.60994                       3.0589524
                 0.70993                       3.5600201
                 0.80992                       4.0617476
                 0.90991                       4.5641375
                  1.0099                       5.0671924
                 1.10989                       5.5709151
                 1.20988                       6.0753083
                 1.30987                       6.5803749
                 1.40986                       7.0861178
                 1.50985                       7.5925398
                 1.60984                        8.099644
                 1.70983                       8.6074333
                 1.80982                       9.1159107
                 1.90981                       9.6250791
                  2.0098                       10.134942
                 2.10979                       10.645501
                 2.20978                       11.156761
                 2.30977                       11.668724
                 2.40976                       12.181393
                 2.50975                       12.694772
                 2.60974                       13.208863
                 2.70973                        13.72367
                 2.80972                       14.239196
                 2.90971                       14.755443
                  3.0097                       15.272416
                 3.10969                       15.790118
                 3.20968                        16.30855
                 3.30967                       16.827718
                 3.40966                       17.347624
                 3.50965                       17.868271
                 3.60964                       18.389663
                 3.70963                       18.911803
                 3.80962                       19.434694
                 3.90961                        19.95834
                  4.0096                       20.482743
                 4.10959                       21.007909
                 4.20958                       21.533839
                 4.30957                       22.060537
                 4.40956                       22.588006
                 4.50955                       23.116251
                 4.60954                       23.645275
                 4.70953                        24.17508
                 4.80952                       24.705671
                 4.90951                       25.237051
                  5.0095                       25.769224
                 5.10949                       26.302193
                 5.20948                       26.835962
                 5.30947                       27.370534
                 5.40946                       27.905913
                 5.50945                       28.442103
                 5.60944                       28.979107
                 5.70943                       29.516929
                 5.80942                       30.055573
                 5.90941                       30.595042
                  6.0094                        31.13534
                 6.10939                       31.676471
                 6.20938                       32.218439
                 6.30937                       32.761248
                 6.40936                         33.3049
                 6.50935                       33.849401
                 6.60934                       34.394754
                 6.70933                       34.940963
                 6.80932                       35.488032
                 6.90931                       36.035964
                  7.0093                       36.584764
                 7.10929                       37.134435
                 7.20928                       37.684983
                 7.30927                        38.23641
                 7.40926                        38.78872
                 7.50925                       39.341918
                 7.60924                       39.896008
                 7.70923                       40.450994
                 7.80922                        41.00688
                 7.90921                        41.56367
                  8.0092                       42.121368
                 8.10919                       42.679979
                 8.20918                       43.239506
                 8.30917                       43.799954
                 8.40916                       44.361327
                 8.50915                        44.92363
                 8.60914                       45.486867
                 8.70913                       46.051041
                 8.80912                       46.616158
                 8.90911                       47.182221
                  9.0091                       47.749236
                 9.10909                       48.317206
                 9.20908                       48.886136
                 9.30907                        49.45603
                 9.40906                       50.026894
                 9.50905                        50.59873
                 9.60904                       51.171545
                 9.70903                       51.745342
                 9.80902                       52.320126
                 9.90901                       52.895901
                  10.009                       53.472673
                10.10899                       54.050445
                10.20898                       54.629224
                10.30897                       55.209012
                10.40896                       55.789815
                10.50895                       56.371638
                10.60894                       56.954486
                10.70893                       57.538362
                10.80892                       58.123273
                10.90891                       58.709222
                 11.0089                       59.296216
                11.10889                       59.884258
                11.20888                       60.473353
                11.30887                       61.063507
                11.40886                       61.654725
                11.50885                       62.247011
                11.60884                        62.84037
                11.70883                       63.434808
                11.80882                        64.03033
                11.90881                        64.62694
                 12.0088                       65.224644
                12.10879                       65.823447
                12.20878                       66.423354
                12.30877                       67.024371
                12.40876                       67.626502
                12.50875                       68.229752
                12.60874                       68.834128
                12.70873                       69.439635
                12.80872                       70.046277
                12.90871                        70.65406
                 13.0087                       71.262989
                13.10869                       71.873071
                13.20868                        72.48431
                13.30867                       73.096711
                13.40866                       73.710281
                13.50865                       74.325025
                13.60864                       74.940948
                13.70863                       75.558056
                13.80862                       76.176354
                13.90861                       76.795849
                 14.0086                       77.416545
                14.10859                       78.038449
                14.20858                       78.661567
                14.30857                       79.285903
                14.40856                       79.911464
                14.50855                       80.538255
                14.60854                       81.166283
                14.70853                       81.795553
                14.80852                       82.426071
                14.90851                       83.057843
                 15.0085                       83.690875
                15.10849                       84.325173
                15.20848                       84.960743
                15.30847                       85.597591
                15.40846                       86.235723
                15.50845                       86.875144
                15.60844                       87.515862
                15.70843                       88.157882
                15.80842                       88.801211
                15.90841                       89.445854
                 16.0084                       90.091818
                16.10839                        90.73911
                16.20838                       91.387734
                16.30837                       92.037698
                16.40836                       92.689009
                16.50835                       93.341671
                16.60834                       93.995693
                16.70833                       94.651079
                16.80832                       95.307838
                16.90831                       95.965974
                 17.0083                       96.625495
                17.10829                       97.286407
                17.20828                       97.948717
                17.30827                       98.612431
                17.40826                       99.277555
                17.50825                       99.944098
                17.60824                       100.61206
                17.70823                       101.28146
                17.80822                        101.9523
                17.90821                       102.62458
                 18.0082                       103.29831
                18.10819                        103.9735
                18.20818                       104.65015
                18.30817                       105.32827
                18.40816                       106.00788
                18.50815                       106.68897
                18.60814                       107.37155
                18.70813                       108.05563
                18.80812                       108.74121
                18.90811                       109.42831
                 19.0081                       110.11694
                19.10809                       110.80708
                19.20808                       111.49877
                19.30807                       112.19199
                19.40806                       112.88676
                19.50805                       113.58309
                19.60804                       114.28099
                19.70803                       114.98045
                19.80802                       115.68149
                19.90801                       116.38412
                  20.008                       117.08833
                20.10799                       117.79415
                20.20798                       118.50158
                20.30797                       119.21062
                20.40796                       119.92128
                20.50795                       120.63357
                20.60794                       121.34749
                20.70793                       122.06306
                20.80792                       122.78028
                20.90791                       123.49917
                 21.0079                       124.21971
                21.10789                       124.94193
                21.20788                       125.66584
                21.30787                       126.39143
                21.40786                       127.11872
                21.50785                       127.84771
                21.60784                       128.57842
                21.70783                       129.31084
                21.80782                         130.045
                21.90781                       130.78089
                 22.0078                       131.51852
                22.10779                        132.2579
                22.20778                       132.99904
                22.30777                       133.74194
                22.40776                       134.48662
                22.50775                       135.23308
                22.60774                       135.98133
                22.70773                       136.73138
                22.80772                       137.48324
                22.90771                        138.2369
                 23.0077                       138.99239
                23.10769                        139.7497
                23.20768                       140.50886
                23.30767                       141.26985
                23.40766                        142.0327
                23.50765                       142.79741
                23.60764                       143.56398
                23.70763                       144.33244
                23.80762                       145.10277
                23.90761                         145.875
                 24.0076                       146.64913
                24.10759                       147.42516
                24.20758                       148.20311
                24.30757                       148.98298
                24.40756                       149.76479
                24.50755                       150.54853
                24.60754                       151.33422
                24.70753                       152.12187
                24.80752                       152.91148
                24.90751                       153.70306
                 25.0075                       154.49661
                25.10749                       155.29216
                25.20748                        156.0897
                25.30747                       156.88924
                25.40746                       157.69079
                25.50745                       158.49435
                25.60744                       159.29995
                25.70743                       160.10757
                25.80742                       160.91724
                25.90741                       161.72896
                 26.0074                       162.54273
                26.10739                       163.35857
                26.20738                       164.17648
                26.30737                       164.99647
                26.40736                       165.81855
                26.50735                       166.64272
                26.60734                       167.46899
                26.70733                       168.29738
                26.80732                       169.12788
                26.90731                        169.9605
                 27.0073                       170.79526
                27.10729                       171.63216
                27.20728                        172.4712
                27.30727                        173.3124
                27.40726                       174.15576
                27.50725                       175.00129
                27.60724                       175.84899
                27.70723                       176.69888
                27.80722                       177.55095
                27.90721                       178.40523
                 28.0072                        179.2617
                28.10719                       180.12039
                28.20718                       180.98129
                28.30717                       181.84442
                28.40716                       182.70978
                28.50715                       183.57737
                28.60714                       184.44721
                28.70713                        185.3193
                28.80712                       186.19364
                28.90711                       187.07025
                 29.0071                       187.94912
                29.10709                       188.83027
                29.20708                        189.7137
                29.30707                       190.59942
                29.40706                       191.48742
                29.50705                       192.37773
                29.60704                       193.27033
                29.70703                       194.16525
                29.80702                       195.06248
                29.90701                       195.96203
                  30.007                        196.8639
                30.10699                        197.7681
                30.20698                       198.67463
                30.30697                        199.5835
                30.40696                       200.49472
                30.50695                       201.40828
                30.60694                       202.32419
                30.70693                       203.24246
                30.80692                       204.16308
                30.90691                       205.08607
                 31.0069                       206.01142
                31.10689                       206.93914
                31.20688                       207.86924
                31.30687                       208.80171
                31.40686                       209.73656
                31.50685                       210.67379
                31.60684                        211.6134
                31.70683                        212.5554
                31.80682                       213.49979
                31.90681                       214.44656
                 32.0068                       215.39573
                32.10679                       216.34728
                32.20678                       217.30123
                32.30677                       218.25758
                32.40676                       219.21632
                32.50675                       220.17745
                32.60674                       221.14098
                32.70673                        222.1069
                32.80672                       223.07522
                32.90671                       224.04593
                 33.0067                       225.01903
                33.10669                       225.99452
                33.20668                        226.9724
                33.30667                       227.95267
                33.40666                       228.93533
                33.50665                       229.92036
                33.60664                       230.90778
                33.70663                       231.89757
                33.80662                       232.88974
                33.90661                       233.88427
                 34.0066                       234.88117
                34.10659                       235.88043
                34.20658                       236.88204
                34.30657                         237.886
                34.40656                        238.8923
                34.50655                       239.90094
                34.60654                        240.9119
                34.70653                       241.92519
                34.80652                        242.9408
                34.90651                       243.95871
                 35.0065                       244.97892
                35.10649                       246.00142
                35.20648                        247.0262
                35.30647                       248.05325
                35.40646                       249.08256
                35.50645                       250.11411
                35.60644                        251.1479
                35.70643                       252.18392
                35.80642                       253.22215
                35.90641                       254.26257
                 36.0064                       255.30518
                36.10639                       256.34997
                36.20638                        257.3969
                36.30637                       258.44598
                36.40636                       259.49718
                36.50635                       260.55049
                36.60634                       261.60588
                36.70633                       262.66335
                36.80632                       263.72287
                36.90631                       264.78443
                 37.0063                       265.84799
                37.10629                       266.91355
                37.20628                       267.98108
                37.30627                       269.05056
                37.40626                       270.12196
                37.50625                       271.19526
                37.60624                       272.27044
                37.70623                       273.34747
                37.80622                       274.42633
                37.90621                       275.50698
                 38.0062                        276.5894
                38.10619                       277.67356
                38.20618                       278.75944
                38.30617                       279.84699
                38.40616                       280.93619
                38.50615                       282.02701
                38.60614                       283.11941
                38.70613                       284.21336
                38.80612                       285.30883
                38.90611                       286.40577
                 39.0061                       287.50415
                39.10609                       288.60394
                39.20608                       289.70508
                39.30607                       290.80755
                39.40606                        291.9113
                39.50605                       293.01629
                39.60604                       294.12247
                39.70603                        295.2298
                39.80602                       296.33823
                39.90601                       297.44773
                  40.006                       298.55823
                40.10599                       299.66969
                40.20598                       300.78205
                40.30597                       301.89528
                40.40596                       303.00931
                40.50595                       304.12408
                40.60594                       305.23956
                40.70593                       306.35566
                40.80592                       307.47235
                40.90591                       308.58956
                 41.0059                       309.70722
                41.10589                       310.82528
                41.20588                       311.94367
                41.30587                       313.06233
                41.40586                       314.18119
                41.50585                       315.30018
                41.60584                       316.41924
                41.70583                       317.53829
                41.80582                       318.65726
                41.90581                       319.77607
                 42.0058                       320.89466
                42.10579                       322.01294
                42.20578                       323.13084
                42.30577                       324.24828
                42.40576                       325.36517
                42.50575                       326.48143
                42.60574                       327.59698
                42.70573                       328.71173
                42.80572                        329.8256
                42.90571                       330.93849
                 43.0057                       332.05031
                43.10569                       333.16098
                43.20568                       334.27039
                43.30567                       335.37845
                43.40566                       336.48506
                43.50565                       337.59013
                43.60564                       338.69354
                43.70563                       339.79521
                43.80562                       340.89502
                43.90561                       341.99287
                 44.0056                       343.08865
                44.10559                       344.18225
                44.20558                       345.27356
                44.30557                       346.36246
                44.40556                       347.44885
                44.50555                        348.5326
                44.60554                       349.61359
                44.70553                       350.69172
                44.80552                       351.76684
                44.90551                       352.83885
                 45.0055                       353.90762
                45.10549                       354.97301
                45.20548                        356.0349
                45.30547                       357.09316
                45.40546                       358.14766
                45.50545                       359.19827
                45.60544                       360.24484
                45.70543                       361.28724
                45.80542                       362.32534
                45.90541                       363.35899
                 46.0054                       364.38804
                46.10539                       365.41237
                46.20538                       366.43182
                46.30537                       367.44624
                46.40536                       368.45549
                46.50535                       369.45942
                46.60534                       370.45788
                46.70533                        371.4507
                46.80532                       372.43775
                46.90531                       373.41887
                 47.0053                       374.39389
                47.10529                       375.36266
                47.20528                       376.32503
                47.30527                       377.28082
                47.40526                       378.22989
                47.50525                       379.17206
                47.60524                       380.10717
                47.70523                       381.03506
                47.80522                       381.95556
                47.90521                       382.86851
                 48.0052                       383.77373
                48.10519                       384.67107
                48.20518                       385.56034
                48.30517                       386.44138
                48.40516                       387.31402
                48.50515                       388.17809
                48.60514                       389.03341
                48.70513                       389.87981
                48.80512                       390.71713
                48.90511                       391.54518
                 49.0051                       392.36379
                49.10509                        393.1728
                49.20508                       393.97202
                49.30507                       394.76128
                49.40506                       395.54041
                49.50505                       396.30924
                49.60504                       397.06758
                49.70503                       397.81527
                49.80502                       398.55214
                49.90501                       399.27802
                  50.005                       399.99272
                50.10499                       401.48117
                50.20498                       402.96392
                50.30497                       404.44075
                50.40496                       405.91147
                50.50495                       407.37586
                50.60494                       408.83371
                50.70493                       410.28483
                50.80492                       411.72901
                50.90491                       413.16603
                 51.0049                       414.59569
                51.10489                       416.01778
                51.20488                        417.4321
                51.30487                       418.83844
                51.40486                       420.23658
                51.50485                       421.62633
                51.60484                       423.00748
                51.70483                       424.37982
                51.80482                       425.74314
                51.90481                       427.09725
                 52.0048                       428.44193
                52.10479                       429.77699
                52.20478                       431.10222
                52.30477                       432.41743
                52.40476                       433.72242
                52.50475                       435.01698
                52.60474                       436.30093
                52.70473                       437.57406
                52.80472                       438.83619
                52.90471                       440.08713
                 53.0047                       441.32668
                53.10469                       442.55466
                53.20468                       443.77089
                53.30467                       444.97519
                53.40466                       446.16737
                53.50465                       447.34726
                53.60464                       448.51468
                53.70463                       449.66947
                53.80462                       450.81146
                53.90461                       451.94047
                 54.0046                       453.05636
                54.10459                       454.15895
                54.20458                       455.24809
                54.30457                       456.32364
                54.40456                       457.38543
                54.50455                       458.43333
                54.60454                        459.4672
                54.70453                        460.4869
                54.80452                       461.49228
                54.90451                       462.48323
                 55.0045                       463.45962
                55.10449                       464.42131
                55.20448                       465.36821
                55.30447                       466.30019
                55.40446                       467.21714
                55.50445                       468.11895
                55.60444                       469.00554
                55.70443                       469.87679
                55.80442                       470.73263
                55.90441                       471.57295
                 56.0044                       472.39768
                56.10439                       473.20675
                56.20438                       474.00007
                56.30437                       474.77758
                56.40436                       475.53922
                56.50435                       476.28492
                56.60434                       477.01463
                56.70433                        477.7283
                56.80432                       478.42589
                56.90431                       479.10736
                 57.0043                       479.77267
                57.10429                       480.42179
                57.20428                        481.0547
                57.30427                       481.67137
                57.40426                        482.2718
                57.50425                       482.85596
                57.60424                       483.42386
                57.70423                       483.97548
                57.80422                       484.51084
                57.90421                       485.02994
                 58.0042                        485.5328
                58.10419                       486.01943
                58.20418                       486.48985
                58.30417                        486.9441
                58.40416                       487.38219
                58.50415                       487.80417
                58.60414                       488.21008
                58.70413                       488.59996
                58.80412                       488.97386
                58.90411                       489.33182
                 59.0041                       489.67392
                59.10409                        490.0002
                59.20408                       490.31074
                59.30407                        490.6056
                59.40406                       490.88486
                59.50405                       491.14859
                59.60404                       491.39687
                59.70403                       491.62978
                59.80402                       491.84742
                59.90401                       492.04987
                  60.004                       492.23723
                60.10399                       492.40959
                60.20398                       492.56706
                60.30397                       492.70974
                60.40396                       492.83774
                60.50395                       492.95117
                60.60394                       493.05013
                60.70393                       493.13475
                60.80392                       493.20514
                60.90391                       493.26143
                 61.0039                       493.30373
                61.10389                       493.33218
                61.20388                       493.34689
                61.30387                       493.34801
                61.40386                       493.33566
                61.50385                       493.30998
                61.60384                        493.2711
                61.70383                       493.21916
                61.80382                        493.1543
                61.90381                       493.07666
                 62.0038                       492.98638
                62.10379                       492.88362
                62.20378                        492.7685
                62.30377                       492.64119
                62.40376                       492.50183
                62.50375                       492.35056
                62.60374                       492.18754
                62.70373                       492.01292
                62.80372                       491.82685
                62.90371                       491.62948
                 63.0037                       491.42097
                63.10369                       491.20147
                63.20368                       490.97113
                63.30367                       490.73011
                63.40366                       490.47856
                63.50365                       490.21664
                63.60364                       489.94451
                63.70363                       489.66232
                63.80362                       489.37022
                63.90361                       489.06837
                 64.0036                       488.75693
                64.10359                       488.43605
                64.20358                       488.10588
                64.30357                       487.76659
                64.40356                       487.41833
                64.50355                       487.06125
                64.60354                        486.6955
                64.70353                       486.32123
                64.80352                       485.93861
                64.90351                       485.54778
                 65.0035                       485.14889
                65.10349                        484.7421
                65.20348                       484.32755
                65.30347                        483.9054
                65.40346                       483.47578
                65.50345                       483.03885
                65.60344                       482.59476
                65.70343                       482.14365
                65.80342                       481.68567
                65.90341                       481.22095
                 66.0034                       480.74964
                66.10339                       480.27188
                66.20338                       479.78782
                66.30337                       479.29758
                66.40336                       478.80132
                66.50335                       478.29916
                66.60334                       477.79124
                66.70333                       477.27769
                66.80332                       476.75865
                66.90331                       476.23425
                 67.0033                       475.70462
                67.10329                       475.16988
                67.20328                       474.63017
                67.30327                       474.08561
                67.40326                       473.53632
                67.50325                       472.98244
                67.60324                       472.42407
                67.70323                       471.86134
                67.80322                       471.29437
                67.90321                       470.72329
                 68.0032                       470.14819
                68.10319                        469.5692
                68.20318                       468.98643
                68.30317                           468.4
                68.40316                          467.81
                68.50315                       467.21656
                68.60314                       466.61978
                68.70313                       466.01977
                68.80312                       465.41662
                68.90311                       464.81044
                 69.0031                       464.20134
                69.10309                       463.58942
                69.20308                       462.97476
                69.30307                       462.35747
                69.40306                       461.73765
                69.50305                       461.11539
                69.60304                       460.49078
                69.70303                       459.86391
                69.80302                       459.23488
                69.90301                       458.60376
                  70.003                       457.97066
                70.10299                       457.33565
                70.20298                       456.69882
                70.30297                       456.06024
                70.40296                       455.42001
                70.50295                       454.77821
                70.60294                        454.1349
                70.70293                       453.49018
                70.80292                       452.84411
                70.90291                       452.19676
                 71.0029                       451.54822
                71.10289                       450.89856
                71.20288                       450.24784
                71.30287                       449.59614
                71.40286                       448.94352
                71.50285                       448.29005
                71.60284                        447.6358
                71.70283                       446.98083
                71.80282                        446.3252
                71.90281                       445.66898
                 72.0028                       445.01223
                72.10279                         444.355
                72.20278                       443.69736
                72.30277                       443.03936
                72.40276                       442.38107
                72.50275                       441.72252
                72.60274                       441.06379
                72.70273                       440.40492
                72.80272                       439.74596
                72.90271                       439.08697
                 73.0027                       438.42799
                73.10269                       437.76907
                73.20268                       437.11027
                73.30267                       436.45162
                73.40266                       435.79318
                73.50265                       435.13498
                73.60264                       434.47708
                73.70263                       433.81951
                73.80262                       433.16232
                73.90261                       432.50555
                 74.0026                       431.84923
                74.10259                       431.19342
                74.20258                       430.53813
                74.30257                       429.88342
                74.40256                       429.22932
                74.50255                       428.57586
                74.60254                       427.92309
                74.70253                       427.27102
                74.80252                       426.61971
                74.90251                       425.96917
                 75.0025                       425.31945
                75.10249                       424.66705
                75.20248                       424.01555
                75.30247                       423.36495
                75.40246                       422.71529
                75.50245                       422.06661
                75.60244                       421.41892
                75.70243                       420.77225
                75.80242                       420.12663
                75.90241                       419.48208
                 76.0024                       418.83863
                76.10239                       418.19631
                76.20238                       417.55512
                76.30237                       416.91511
                76.40236                       416.27629
                76.50235                       415.63867
                76.60234                       415.00229
                76.70233                       414.36716
                76.80232                        413.7333
                76.90231                       413.10074
                 77.0023                       412.46948
                77.10229                       411.83955
                77.20228                       411.21096
                77.30227                       410.58373
                77.40226                       409.95788
                77.50225                       409.33343
                77.60224                       408.71038
                77.70223                       408.08876
                77.80222                       407.46858
                77.90221                       406.84985
                 78.0022                       406.23258
                78.10219                       405.61679
                78.20218                        405.0025
                78.30217                       404.38971
                78.40216                       403.77843
                78.50215                       403.16868
                78.60214                       402.56047
                78.70213                        401.9538
                78.80212                        401.3487
                78.90211                       400.74516
                 79.0021                        400.1432
                79.10209                       399.54283
                79.20208                       398.94405
                79.30207                       398.34688
                79.40206                       397.75132
                79.50205                       397.15737
                79.60204                       396.56506
                79.70203                       395.97437
                79.80202                       395.38533
                79.90201                       394.79793
                  80.002                       394.21219
                80.10199                       393.62811
                80.20198                       393.04568
                80.30197                       392.46493
                80.40196                       391.88585
                80.50195                       391.30845
                80.60194                       390.73274
                80.70193                       390.15871
                80.80192                       389.58637
                80.90191                       389.01573
                 81.0019                       388.44678
                81.10189                       387.87953
                81.20188                       387.31399
                81.30187                       386.75016
                81.40186                       386.18803
                81.50185                       385.62762
                81.60184                       385.06892
                81.70183                       384.51193
                81.80182                       383.95666
                81.90181                       383.40311
                 82.0018                       382.85128
                82.10179                       382.30117
                82.20178                       381.75278
                82.30177                       381.20611
                82.40176                       380.66116
                82.50175                       380.11794
                82.60174                       379.57644
                82.70173                       379.03666
                82.80172                        378.4986
                82.90171                       377.96227
                 83.0017                       377.42766
                83.10169                       376.89476
                83.20168                       376.36359
                83.30167                       375.83414
                83.40166                       375.30641
                83.50165                       374.78039
                83.60164                       374.25609
                83.70163                        373.7335
                83.80162                       373.21262
                83.90161                       372.69346
                 84.0016                         372.176
                84.10159                       371.66025
                84.20158                       371.14621
                84.30157                       370.63386
                84.40156                       370.12322
                84.50155                       369.61428
                84.60154                       369.10703
                84.70153                       368.60148
                84.80152                       368.09761
                84.90151                       367.59543
                 85.0015                       367.09494
                85.10149                       366.59613
                85.20148                         366.099
                85.30147                       365.60354
                85.40146                       365.10975
                85.50145                       364.61764
                85.60144                       364.12719
                85.70143                        363.6384
                85.80142                       363.15127
                85.90141                        362.6658
                 86.0014                       362.18197
                86.10139                        361.6998
                86.20138                       361.21927
                86.30137                       360.74038
                86.40136                       360.26312
                86.50135                        359.7875
                86.60134                        359.3135
                86.70133                       358.84113
                86.80132                       358.37038
                86.90131                       357.90125
                 87.0013                       357.43373
                87.10129                       356.96781
                87.20128                        356.5035
                87.30127                       356.04079
                87.40126                       355.57967
                87.50125                       355.12014
                87.60124                        354.6622
                87.70123                       354.20584
                87.80122                       353.75105
                87.90121                       353.29784
                 88.0012                       352.84619
                88.10119                       352.39611
                88.20118                       351.94758
                88.30117                       351.50061
                88.40116                       351.05518
                88.50115                        350.6113
                88.60114                       350.16896
                88.70113                       349.72815
                88.80112                       349.28888
                88.90111                       348.85112
                 89.0011                       348.41489
                89.10109                       347.98017
                89.20108                       347.54696
                89.30107                       347.11525
                89.40106                       346.68504
                89.50105                       346.25633
                89.60104                       345.82911
                89.70103                       345.40337
                89.80102                       344.97912
                89.90101                       344.55633
                  90.001                       344.13502
                90.10099                       343.71517
                90.20098                       343.29678
                90.30097                       342.87985
                90.40096                       342.46436
                90.50095                       342.05032
                90.60094                       341.63771
                90.70093                       341.22655
                90.80092                       340.81681
                90.90091                       340.40849
                 91.0009                       340.00159
                91.10089                       339.59611
                91.20088                       339.19203
                91.30087                       338.78935
                91.40086                       338.38808
                91.50085                       337.98819
                91.60084                        337.5897
                91.70083                       337.19259
                91.80082                       336.79685
                91.90081                       336.40249
                 92.0008                       336.00949
                92.10079                       335.61785
                92.20078                       335.22757
                92.30077                       334.83865
                92.40076                       334.45107
                92.50075                       334.06483
                92.60074                       333.67992
                92.70073                       333.29635
                92.80072                        332.9141
                92.90071                       332.53318
                 93.0007                       332.15356
                93.10069                       331.77526
                93.20068                       331.39827
                93.30067                       331.02257
                93.40066                       330.64817
                93.50065                       330.27506
                93.60064                       329.90324
                93.70063                       329.53269
                93.80062                       329.16342
                93.90061                       328.79542
                 94.0006                       328.42869
                94.10059                       328.06321
                94.20058                       327.69899
                94.30057                       327.33602
                94.40056                       326.97429
                94.50055                        326.6138
                94.60054                       326.25455
                94.70053                       325.89653
                94.80052                       325.53973
                94.90051                       325.18415
                 95.0005                       324.82979
                95.10049                       324.47663
                95.20048                       324.12469
                95.30047                       323.77394
                95.40046                       323.42438
                95.50045                       323.07602
                95.60044                       322.72884
                95.70043                       322.38285
                95.80042                       322.03803
                95.90041                       321.69438
                 96.0004                       321.35189
                96.10039                       321.01057
                96.20038                        320.6704
                96.30037                       320.33139
                96.40036                       319.99352
                96.50035                        319.6568
                96.60034                       319.32121
                96.70033                       318.98676
                96.80032                       318.65343
                96.90031                       318.32123
                 97.0003                       317.99015
                97.10029                       317.66018
                97.20028                       317.33132
                97.30027                       317.00357
                97.40026                       316.67691
                97.50025                       316.35135
                97.60024                       316.02689
                97.70023                       315.70351
                97.80022                       315.38121
                97.90021                       315.05999
                 98.0002                       314.73984
                98.10019                       314.42076
                98.20018                       314.10275
                98.30017                       313.78579
                98.40016                       313.46989
                98.50015                       313.15504
                98.60014                       312.84124
                98.70013                       312.52848
                98.80012                       312.21676
                98.90011                       311.90607
                 99.0001                        311.5964
                99.10009                       311.28777
                99.20008                       310.98015
                99.30007                       310.67355
                99.40006                       310.36796
                99.50005                       310.06338
                99.60004                        309.7598
                99.70003                       309.45722
                99.80002                       309.15564
                99.90001                       308.85505
                     100                       308.55544

