                   0.01                     0.060191372
                 0.10999                      0.52921872
                 0.20998                       1.0460934
                 0.30997                       1.5680402
                 0.40996                       2.0943765
                 0.50995                       2.6250476
                 0.60994                       3.1600969
                 0.70993                       3.6995894
                 0.80992                        4.243593
                 0.90991                       4.7921732
                  1.0099                       5.3453917
                 1.10989                       5.9033055
                 1.20988                       6.4659674
                 1.30987                       7.0334263
                 1.40986                       7.6057273
                 1.50985                       8.1829121
                 1.60984                       8.7650195
                 1.70983                       9.3520857
                 1.80982                       9.9441444
                 1.90981                       10.541227
                  2.0098                       11.143363
                 2.10979                        11.75058
                 2.20978                       12.362906
                 2.30977                       12.980363
                 2.40976                       13.602977
                 2.50975                       14.230769
                 2.60974                       14.863761
                 2.70973                       15.501973
                 2.80972                       16.145426
                 2.90971                       16.794137
                  3.0097                       17.448125
                 3.10969                       18.107409
                 3.20968                       18.680534
                 3.30967                       19.253365
                 3.40966                        19.82592
                 3.50965                       20.398218
                 3.60964                       20.970276
                 3.70963                       21.542112
                 3.80962                       22.113741
                 3.90961                       22.685179
                  4.0096                       23.256442
                 4.10959                       23.827544
                 4.20958                         24.3985
                 4.30957                       24.969322
                 4.40956                       25.540026
                 4.50955                       26.110624
                 4.60954                       26.681128
                 4.70953                       27.251552
                 4.80952                       27.821907
                 4.90951                       28.392206
                  5.0095                        28.96246
                 5.10949                       29.532681
                 5.20948                       30.102879
                 5.30947                       30.673066
                 5.40946                       31.243253
                 5.50945                        31.81345
                 5.60944                       32.383668
                 5.70943                       32.953917
                 5.80942                       33.524208
                 5.90941                       34.094549
                  6.0094                       34.664952
                 6.10939                       35.235425
                 6.20938                       35.805979
                 6.30937                       36.376623
                 6.40936                       36.947366
                 6.50935                       37.519827
                 6.60934                       38.092455
                 6.70933                       38.665259
                 6.80932                       39.238248
                 6.90931                       39.811432
                  7.0093                       40.384819
                 7.10929                       40.958419
                 7.20928                       41.532239
                 7.30927                       42.106289
                 7.40926                       42.680578
                 7.50925                       43.255114
                 7.60924                       43.829905
                 7.70923                        44.40496
                 7.80922                       44.980289
                 7.90921                       45.555898
                  8.0092                       46.131797
                 8.10919                       46.707994
                 8.20918                       47.284497
                 8.30917                       47.861314
                 8.40916                       48.438455
                 8.50915                       49.015927
                 8.60914                       49.593738
                 8.70913                       50.171896
                 8.80912                       50.750411
                 8.90911                       51.329289
                  9.0091                        51.90854
                 9.10909                        52.48817
                 9.20908                       53.068189
                 9.30907                       53.648605
                 9.40906                       54.229425
                 9.50905                       54.811353
                 9.60904                       55.393718
                 9.70903                       55.976525
                 9.80902                       56.559785
                 9.90901                       57.143504
                  10.009                       57.727691
                10.10899                       58.312354
                10.20898                         58.8975
                10.30897                       59.483139
                10.40896                       60.069277
                10.50895                       60.655923
                10.60894                       61.243086
                10.70893                       61.830772
                10.80892                       62.418991
                10.90891                       63.007749
                 11.0089                       63.597056
                11.10889                       64.186919
                11.20888                       64.777347
                11.30887                       65.368346
                11.40886                       65.959927
                11.50885                       66.552095
                11.60884                        67.14486
                11.70883                        67.73823
                11.80882                       68.332213
                11.90881                       68.926816
                 12.0088                       69.522048
                12.10879                       70.117918
                12.20878                       70.714432
                12.30877                         71.3116
                12.40876                        71.90943
                12.50875                       72.507928
                12.60874                       73.107105
                12.70873                       73.706968
                12.80872                       74.307525
                12.90871                       74.908784
                 13.0087                       75.510754
                13.10869                       76.113442
                13.20868                       76.716858
                13.30867                       77.321009
                13.40866                       77.925903
                13.50865                        78.53155
                13.60864                       79.137956
                13.70863                       79.745131
                13.80862                       80.353083
                13.90861                        80.96182
                 14.0086                        81.57135
                14.10859                       82.181683
                14.20858                       82.792825
                14.30857                       83.404787
                14.40856                       84.017575
                14.50855                       84.631199
                14.60854                       85.245667
                14.70853                       85.860988
                14.80852                        86.47717
                14.90851                       87.094221
                 15.0085                        87.71215
                15.10849                       88.330966
                15.20848                       88.950678
                15.30847                       89.571293
                15.40846                        90.19282
                15.50845                       90.815269
                15.60844                       91.438647
                15.70843                       92.062964
                15.80842                       92.688228
                15.90841                       93.314448
                 16.0084                       93.941632
                16.10839                        94.56979
                16.20838                       95.198929
                16.30837                        95.82906
                16.40836                        96.46019
                16.50835                       97.092329
                16.60834                       97.725485
                16.70833                       98.359668
                16.80832                       98.994886
                16.90831                       99.631148
                 17.0083                       100.26846
                17.10829                       100.90684
                17.20828                       101.54629
                17.30827                       102.18682
                17.40826                       102.82843
                17.50825                       103.47115
                17.60824                       104.11497
                17.70823                       104.75991
                17.80822                       105.40597
                17.90821                       106.05317
                 18.0082                       106.70152
                18.10819                       107.35101
                18.20818                       108.00167
                18.30817                        108.6535
                18.40816                       109.30651
                18.50815                       109.96071
                18.60814                       110.61611
                18.70813                       111.27272
                18.80812                       111.93054
                18.90811                       112.58959
                 19.0081                       113.24988
                19.10809                       113.91142
                19.20808                       114.57421
                19.30807                       115.23827
                19.40806                        115.9036
                19.50805                       116.57021
                19.60804                       117.23812
                19.70803                       117.90733
                19.80802                       118.57786
                19.90801                        119.2497
                  20.008                       119.92288
                20.10799                        120.5974
                20.20798                       121.27327
                20.30797                        121.9505
                20.40796                       122.63035
                20.50795                        123.3116
                20.60794                       123.99424
                20.70793                       124.67831
                20.80792                       125.36379
                20.90791                       126.05071
                 21.0079                       126.73907
                21.10789                       127.42889
                21.20788                       128.12016
                21.30787                       128.81291
                21.40786                       129.50715
                21.50785                       130.20287
                21.60784                        130.9001
                21.70783                       131.59884
                21.80782                       132.29911
                21.90781                       133.00091
                 22.0078                       133.70425
                22.10779                       134.40914
                22.20778                        135.1156
                22.30777                       135.82363
                22.40776                       136.53324
                22.50775                       137.24444
                22.60774                       137.95725
                22.70773                       138.67168
                22.80772                       139.38772
                22.90771                        140.1054
                 23.0077                       140.82473
                23.10769                       141.54571
                23.20768                       142.26835
                23.30767                       142.99267
                23.40766                       143.71867
                23.50765                       144.44637
                23.60764                       145.17578
                23.70763                        145.9069
                23.80762                       146.63975
                23.90761                       147.37433
                 24.0076                       148.11066
                24.10759                       148.84875
                24.20758                        149.5886
                24.30757                       150.33023
                24.40756                       151.07365
                24.50755                       151.81887
                24.60754                        152.5659
                24.70753                       153.31475
                24.80752                       154.06542
                24.90751                       154.81794
                      25                       155.51566
                 25.0075                        155.5723
                25.10749                       156.32843
                25.20748                       157.08643
                25.30747                       157.84631
                25.40746                       158.60808
                25.50745                       159.37175
                25.60744                       160.13733
                25.70743                       160.90484
                25.80742                       161.67428
                25.90741                       162.44565
                 26.0074                       163.21898
                26.10739                       163.99428
                26.20738                       164.77154
                26.30737                       165.55079
                26.40736                       166.33203
                26.50735                       167.11528
                26.60734                       167.90053
                26.70733                       168.68782
                26.80732                       169.47713
                26.90731                       170.26849
                 27.0073                       171.06191
                27.10729                       171.85739
                27.20728                       172.65494
                27.30727                       173.45458
                27.40726                       174.25631
                27.50725                       175.06015
                27.60724                        175.8661
                27.70723                       176.67418
                27.80722                       177.48439
                27.90721                       178.29675
                 28.0072                       179.11126
                28.10719                       179.92793
                28.20718                       180.74678
                28.30717                       181.56781
                28.40716                       182.39104
                28.50715                       183.21647
                28.60714                       184.04411
                28.70713                       184.87397
                28.80712                       185.70607
                28.90711                        186.5404
                 29.0071                       187.37699
                29.10709                       188.21584
                29.20708                       189.05696
                29.30707                       189.90035
                29.40706                       190.74604
                29.50705                       191.59402
                29.60704                       192.44431
                29.70703                       193.29691
                29.80702                       194.15184
                29.90701                       195.00911
                  30.007                       195.86871
                30.10699                       196.73067
                30.20698                       197.59499
                30.30697                       198.46167
                30.40696                       199.33074
                30.50695                       200.20219
                30.60694                       201.07603
                30.70693                       201.95228
                30.80692                       202.83094
                30.90691                       203.71202
                 31.0069                       204.59553
                31.10689                       205.48147
                31.20688                       206.36986
                31.30687                        207.2607
                31.40686                         208.154
                31.50685                       209.04977
                31.60684                       209.94801
                31.70683                       210.84874
                31.80682                       211.75196
                31.90681                       212.65768
                 32.0068                        213.5659
                32.10679                       214.47663
                32.20678                       215.38989
                32.30677                       216.30567
                32.40676                       217.22399
                32.50675                       218.14485
                32.60674                       219.06826
                32.70673                       219.99422
                32.80672                       220.92275
                32.90671                       221.85384
                 33.0067                       222.78751
                33.10669                       223.72375
                33.20668                       224.66259
                33.30667                       225.60402
                33.40666                       226.54804
                33.50665                       227.49468
                33.60664                       228.44392
                33.70663                       229.39578
                33.80662                       230.35027
                33.90661                       231.30705
                 34.0066                       232.26646
                34.10659                       233.22851
                34.20658                        234.1932
                34.30657                       235.16054
                34.40656                       236.13052
                34.50655                       237.10317
                34.60654                       238.07848
                34.70653                       239.05645
                34.80652                       240.03709
                34.90651                       241.02041
                 35.0065                        242.0064
                35.10649                       242.99508
                35.20648                       243.98645
                35.30647                       244.98051
                35.40646                       245.97727
                35.50645                       246.97673
                35.60644                       247.97889
                35.70643                       248.98376
                35.80642                       249.99134
                35.90641                       251.00164
                 36.0064                       252.01465
                36.10639                       253.03039
                36.20638                       254.04885
                36.30637                       255.07004
                36.40636                       256.09396
                36.50635                       257.12061
                36.60634                       258.15001
                36.70633                       259.18214
                36.80632                       260.21702
                36.90631                       261.25582
                 37.0063                       262.29739
                37.10629                       263.34172
                37.20628                       264.38881
                37.30627                       265.43867
                37.40626                       266.49129
                37.50625                       267.54668
                37.60624                       268.60485
                37.70623                       269.66579
                37.80622                       270.72951
                37.90621                         271.796
                 38.0062                       272.86527
                38.10619                       273.93733
                38.20618                       275.01216
                38.30617                       276.08978
                38.40616                       277.17019
                38.50615                       278.25338
                38.60614                       279.33935
                38.70613                       280.42812
                38.80612                       281.51967
                38.90611                       282.61401
                 39.0061                       283.71114
                39.10609                       284.81106
                39.20608                       285.91377
                39.30607                       287.01926
                39.40606                       288.12753
                39.50605                       289.23859
                39.60604                       290.35244
                39.70603                       291.46906
                39.80602                       292.58845
                39.90601                       293.71062
                  40.006                       294.83555
                40.10599                       295.96325
                40.20598                       297.09369
                40.30597                       298.22689
                40.40596                       299.36282
                40.50595                       300.50148
                40.60594                       301.64286
                40.70593                       302.78693
                40.80592                       303.93369
                40.90591                       305.08312
                 41.0059                        306.2352
                41.10589                        307.3899
                41.20588                       308.54719
                41.30587                       309.70705
                41.40586                       310.86943
                41.50585                       312.03397
                41.60584                       313.20095
                41.70583                       314.37031
                41.80582                         315.542
                41.90581                       316.71594
                 42.0058                       317.89205
                42.10579                       319.07025
                42.20578                       320.25043
                42.30577                       321.43248
                42.40576                       322.61626
                42.50575                       323.80162
                42.60574                        324.9884
                42.70573                        326.1764
                42.80572                       327.36539
                42.90571                       328.55514
                 43.0057                       329.74537
                43.10569                       330.93575
                43.20568                       332.12595
                43.30567                       333.31556
                43.40566                       334.50415
                43.50565                       335.69123
                43.60564                       336.87626
                43.70563                       338.05864
                43.80562                       339.23773
                43.90561                       340.41282
                 44.0056                       341.58315
                44.10559                        342.7479
                44.20558                       343.90621
                44.30557                       345.05717
                44.40556                       346.19987
                44.50555                       347.33338
                44.60554                       348.45676
                44.70553                       349.56914
                44.80552                       350.66972
                44.90551                       351.75778
                 45.0055                        352.8328
                45.10549                       353.89442
                45.20548                       354.94253
                45.30547                       355.97732
                45.40546                       356.99931
                45.50545                       358.00937
                45.60544                       359.00877
                45.70543                       359.99919
                45.80542                       360.98268
                45.90541                       361.96167
                 46.0054                        362.9389
                46.10539                       363.91738
                46.20538                       364.90029
                46.30537                        365.8909
                46.40536                       366.89248
                46.50535                        367.9082
                46.60534                       368.94105
                46.70533                       369.99375
                46.80532                       371.06869
                46.90531                       372.16789
                 47.0053                       373.29298
                47.10529                       374.44518
                47.20528                       375.62528
                47.30527                       376.83373
                47.40526                       378.07062
                47.50525                        379.3357
                47.60524                       380.62849
                47.70523                       381.94825
                47.80522                        383.2941
                47.90521                       384.66499
                 48.0052                       386.05978
                48.10519                       387.47726
                48.20518                       388.91619
                48.30517                       390.37532
                48.40516                       391.85339
                48.50515                       393.34919
                48.60514                       394.86154
                48.70513                        396.3893
                48.80512                       397.93141
                48.90511                       399.48683
                 49.0051                       401.05463
                49.10509                       402.63391
                49.20508                       404.22384
                49.30507                       405.82366
                49.40506                       407.43267
                49.50505                       409.05021
                49.60504                       410.67571
                49.70503                       412.30861
                49.80502                       413.94844
                49.90501                       415.59474
                      50                       417.16434
                  50.005                        417.2471
                50.10499                       418.90533
                50.20498                       420.56893
                50.30497                       422.23761
                50.40496                        423.9111
                50.50495                       425.58917
                50.60494                       427.27158
                50.70493                       428.95815
                50.80492                       430.64869
                50.90491                       432.34306
                 51.0049                        434.0411
                51.10489                       435.74268
                51.20488                       437.44769
                51.30487                       439.15602
                51.40486                       440.86756
                51.50485                       442.58222
                51.60484                       444.29992
                51.70483                       446.02059
                51.80482                       447.74413
                51.90481                       449.47048
                 52.0048                       451.19957
                52.10479                       452.93133
                52.20478                       454.66569
                52.30477                       456.40259
                52.40476                       458.14197
                52.50475                       459.88375
                52.60474                       461.62788
                52.70473                       463.37427
                52.80472                       465.12287
                52.90471                        466.8736
                 53.0047                       468.62639
                53.10469                       470.38041
                53.20468                       472.13632
                53.30467                       473.89406
                53.40466                       475.65352
                53.50465                       477.41464
                53.60464                       479.17731
                53.70463                       480.94144
                53.80462                       482.70694
                53.90461                        484.4737
                 54.0046                       486.24162
                54.10459                        488.0106
                54.20458                       489.78051
                54.30457                       491.55125
                54.40456                       493.32268
                54.50455                        495.0947
                54.60454                       496.86716
                54.70453                       498.63994
                54.80452                        500.4129
                54.90451                        502.1859
                 55.0045                        503.9588
                55.10449                       505.73144
                55.20448                       507.50368
                55.30447                       509.27536
                55.40446                       511.04631
                55.50445                       512.81637
                55.60444                       514.58537
                55.70443                       516.35314
                55.80442                       518.11951
                55.90441                       519.88428
                 56.0044                       521.64728
                56.10439                       523.40831
                56.20438                       525.16719
                56.30437                       526.92371
                56.40436                       528.67768
                56.50435                       530.42889
                56.60434                       532.17713
                56.70433                        533.9222
                56.80432                       535.66387
                56.90431                       537.40193
                 57.0043                       539.13616
                57.10429                       540.86633
                57.20428                       542.59221
                57.30427                       544.31357
                57.40426                       546.03017
                57.50425                       547.74178
                57.60424                       549.44815
                57.70423                       551.14904
                57.80422                       552.84421
                57.90421                       554.53339
                 58.0042                       556.21635
                58.10419                       557.89282
                58.20418                       559.56255
                58.30417                       561.22527
                58.40416                       562.88073
                58.50415                       564.52865
                58.60414                       566.16877
                58.70413                       567.80083
                58.80412                       569.42455
                58.90411                       571.03966
                 59.0041                       572.64589
                59.10409                       574.24295
                59.20408                       575.83058
                59.30407                       577.40849
                59.40406                        578.9764
                59.50405                       580.53405
                59.60404                       582.08113
                59.70403                       583.61911
                59.80402                       585.14598
                59.90401                       586.66146
                  60.004                       588.16526
                60.10399                        589.6571
                60.20398                       591.13669
                60.30397                       592.60375
                60.40396                         594.058
                60.50395                       595.49916
                60.60394                       596.92695
                60.70393                       598.34108
                60.80392                       599.74127
                60.90391                       601.12725
                 61.0039                       602.49874
                61.10389                       603.85545
                61.20388                       605.19713
                61.30387                       606.52349
                61.40386                       607.83426
                61.50385                       609.12918
                61.60384                       610.40798
                61.70383                       611.67039
                61.80382                       612.91616
                61.90381                       614.14502
                 62.0038                       615.35673
                62.10379                       616.55102
                62.20378                       617.72766
                62.30377                       618.88639
                62.40376                       620.02697
                62.50375                       621.14917
                62.60374                       622.25274
                62.70373                       623.33747
                62.80372                       624.40313
                62.90371                       625.44949
                 63.0037                       626.47634
                63.10369                       627.48347
                63.20368                       628.47067
                63.30367                       629.43773
                63.40366                       630.38447
                63.50365                       631.31069
                63.60364                       632.21621
                63.70363                       633.10084
                63.80362                       633.96442
                63.90361                       634.80677
                 64.0036                       635.62773
                64.10359                       636.42714
                64.20358                       637.20486
                64.30357                       637.96074
                64.40356                       638.69464
                64.50355                       639.40643
                64.60354                       640.09599
                64.70353                       640.76321
                64.80352                       641.40796
                64.90351                       642.03014
                 65.0035                       642.62967
                65.10349                       643.20644
                65.20348                       643.76038
                65.30347                       644.29141
                65.40346                       644.79945
                65.50345                       645.28446
                65.60344                       645.74636
                65.70343                       646.18512
                65.80342                        646.6007
                65.90341                       646.99306
                 66.0034                       647.36218
                66.10339                       647.70804
                66.20338                       648.03062
                66.30337                       648.32992
                66.40336                       648.60595
                66.50335                       648.85872
                66.60334                       649.08824
                66.70333                       649.29454
                66.80332                       649.47764
                66.90331                        649.6376
                 67.0033                       649.77445
                67.10329                       649.88825
                67.20328                       649.97906
                67.30327                       650.04693
                67.40326                       650.09196
                67.50325                       650.11421
                67.60324                       650.11377
                67.70323                       650.09073
                67.80322                        650.0452
                67.90321                       649.97727
                 68.0032                       649.88707
                68.10319                        649.7747
                68.20318                       649.64029
                68.30317                       649.48397
                68.40316                       649.30587
                68.50315                       649.10614
                68.60314                       648.88492
                68.70313                       648.64236
                68.80312                       648.37862
                68.90311                       648.09386
                 69.0031                       647.78824
                69.10309                       647.46195
                69.20308                       647.11514
                69.30307                       646.74801
                69.40306                       646.36073
                69.50305                        645.9535
                69.60304                       645.52651
                69.70303                       645.07995
                69.80302                       644.61403
                69.90301                       644.12895
                  70.003                       643.62492
                70.10299                       643.10215
                70.20298                       642.56085
                70.30297                       642.00124
                70.40296                       641.42354
                70.50295                       640.82797
                70.60294                       640.21476
                70.70293                       639.58413
                70.80292                       638.93631
                70.90291                       638.27154
                 71.0029                       637.59005
                71.10289                       636.89207
                71.20288                       636.17785
                71.30287                       635.44761
                71.40286                       634.70161
                71.50285                       633.94008
                71.60284                       633.16325
                71.70283                       632.37139
                71.80282                       631.56473
                71.90281                       630.74351
                 72.0028                       629.90798
                72.10279                       629.05839
                72.20278                       628.19498
                72.30277                         627.318
                72.40276                        626.4277
                72.50275                       625.52431
                72.60274                       624.60809
                72.70273                       623.67929
                72.80272                       622.73814
                72.90271                        621.7849
                 73.0027                        620.8198
                73.10269                       619.84309
                73.20268                       618.85501
                73.30267                       617.85581
                73.40266                       616.84573
                73.50265                         615.825
                73.60264                       614.79386
                73.70263                       613.75256
                73.80262                       612.70132
                73.90261                       611.64039
                 74.0026                       610.56999
                74.10259                       609.49035
                74.20258                       608.40172
                74.30257                       607.30431
                74.40256                       606.19835
                74.50255                       605.08406
                74.60254                       603.96168
                74.70253                       602.83141
                74.80252                       601.69349
                74.90251                       600.54812
                 75.0025                       599.39552
                75.10249                       598.23563
                75.20248                       597.06894
                75.30247                       595.89565
                75.40246                       594.71597
                75.50245                        593.5301
                75.60244                       592.33826
                75.70243                       591.14063
                75.80242                       589.93741
                75.90241                        588.7288
                 76.0024                       587.51499
                76.10239                       586.29617
                76.20238                       585.07252
                76.30237                       583.84424
                76.40236                       582.61151
                76.50235                        581.3745
                76.60234                        580.1334
                76.70233                       578.88837
                76.80232                       577.63959
                76.90231                       576.38724
                 77.0023                       575.13148
                77.10229                       573.87247
                77.20228                       572.61038
                77.30227                       571.34536
                77.40226                       570.07758
                77.50225                       568.80719
                77.60224                       567.53435
                77.70223                        566.2592
                77.80222                       564.98189
                77.90221                       563.70256
                 78.0022                       562.42137
                78.10219                       561.13845
                78.20218                       559.85393
                78.30217                       558.56796
                78.40216                       557.28066
                78.50215                       555.99218
                78.60214                       554.70262
                78.70213                       553.41213
                78.80212                       552.12083
                78.90211                       550.82883
                 79.0021                       549.53626
                79.10209                       548.24323
                79.20208                       546.94986
                79.30207                       545.65626
                79.40206                       544.36253
                79.50205                        543.0688
                79.60204                       541.77516
                79.70203                       540.48171
                79.80202                       539.18857
                79.90201                       537.89582
                  80.002                       536.60356
                80.10199                       535.31189
                80.20198                       534.02091
                80.30197                        532.7307
                80.40196                       531.44135
                80.50195                       530.15295
                80.60194                       528.86559
                80.70193                       527.57934
                80.80192                        526.2943
                80.90191                       525.01053
                 81.0019                       523.72812
                81.10189                       522.44714
                81.20188                       521.16766
                81.30187                       519.88976
                81.40186                       518.61352
                81.50185                       517.33899
                81.60184                       516.06624
                81.70183                       514.79534
                81.80182                       513.52636
                81.90181                       512.25935
                 82.0018                       510.99438
                82.10179                        509.7315
                82.20178                       508.47078
                82.30177                       507.21226
                82.40176                       505.95601
                82.50175                       504.70207
                82.60174                        503.4505
                82.70173                       502.20135
                82.80172                       500.95466
                82.90171                       499.71048
                 83.0017                       498.46887
                83.10169                       497.22986
                83.20168                       495.99349
                83.30167                       494.75982
                83.40166                       493.52888
                83.50165                        492.3007
                83.60164                       491.07533
                83.70163                       489.85281
                83.80162                       488.63317
                83.90161                       487.41645
                 84.0016                       486.20268
                84.10159                       484.99188
                84.20158                       483.78411
                84.30157                       482.57937
                84.40156                       481.37772
                84.50155                       480.17916
                84.60154                       478.98374
                84.70153                       477.79147
                84.80152                       476.60238
                84.90151                        475.4165
                 85.0015                       474.23385
                85.10149                       473.05445
                85.20148                       471.87833
                85.30147                       470.70551
                85.40146                         469.536
                85.50145                       468.36983
                85.60144                       467.20701
                85.70143                       466.04756
                85.80142                        464.8915
                85.90141                       463.73885
                 86.0014                       462.58961
                86.10139                       461.44382
                86.20138                       460.30147
                86.30137                       459.16258
                86.40136                       458.02717
                86.50135                       456.89524
                86.60134                       455.76682
                86.70133                        454.6419
                86.80132                       453.52051
                86.90131                       452.40264
                 87.0013                        451.2883
                87.10129                       450.17752
                87.20128                       449.07029
                87.30127                       447.96661
                87.40126                       446.86651
                87.50125                       445.76998
                87.60124                       444.67703
                87.70123                       443.58766
                87.80122                       442.50188
                87.90121                       441.41969
                 88.0012                        440.3411
                88.10119                        439.2661
                88.20118                       438.19471
                88.30117                       437.12693
                88.40116                       436.06275
                88.50115                       435.00217
                88.60114                       433.94521
                88.70113                       432.89186
                88.80112                       431.84211
                88.90111                       430.79597
                 89.0011                       429.75345
                89.10109                       428.71453
                89.20108                       427.67922
                89.30107                       426.64751
                89.40106                       425.61941
                89.50105                       424.59491
                89.60104                         423.574
                89.70103                        422.5567
                89.80102                       421.54299
                89.90101                       420.53286
                  90.001                       419.52633
                90.10099                       418.52337
                90.20098                         417.524
                90.30097                       416.52827
                90.40096                       415.53611
                90.50095                       414.54751
                90.60094                       413.56247
                90.70093                       412.58099
                90.80092                       411.60305
                90.90091                       410.62865
                 91.0009                        409.6578
                91.10089                       408.69047
                91.20088                       407.72666
                91.30087                       406.76638
                91.40086                        405.8096
                91.50085                       404.85633
                91.60084                       403.90655
                91.70083                       402.96027
                91.80082                       402.01746
                91.90081                       401.07813
                 92.0008                       400.14227
                92.10079                       399.20986
                92.20078                       398.28091
                92.30077                        397.3554
                92.40076                       396.43332
                92.50075                       395.51467
                92.60074                       394.59944
                92.70073                       393.68761
                92.80072                       392.77919
                92.90071                       391.87416
                 93.0007                       390.97251
                93.10069                       390.07423
                93.20068                       389.17932
                93.30067                       388.28776
                93.40066                       387.39955
                93.50065                       386.51468
                93.60064                       385.63313
                93.70063                        384.7549
                93.80062                       383.87997
                93.90061                       383.00835
                 94.0006                       382.14001
                94.10059                       381.27495
                94.20058                       380.41316
                94.30057                       379.55463
                94.40056                       378.69935
                94.50055                        377.8473
                94.60054                       376.99849
                94.70053                       376.15289
                94.80052                        375.3105
                94.90051                        374.4713
                 95.0005                        373.6353
                95.10049                       372.80247
                95.20048                       371.97281
                95.30047                        371.1463
                95.40046                       370.32294
                95.50045                       369.50272
                95.60044                       368.68562
                95.70043                       367.87163
                95.80042                       367.06075
                95.90041                       366.25296
                 96.0004                       365.44825
                96.10039                       364.64662
                96.20038                       363.84804
                96.30037                       363.05252
                96.40036                       362.26004
                96.50035                       361.47059
                96.60034                       360.68415
                96.70033                       359.90072
                96.80032                        359.1203
                96.90031                       358.34285
                 97.0003                       357.56839
                97.10029                       356.79688
                97.20028                       356.02834
                97.30027                       355.26273
                97.40026                       354.50006
                97.50025                       353.74032
                97.60024                       352.98348
                97.70023                       352.22955
                97.80022                        351.4785
                97.90021                       350.73034
                 98.0002                       349.98504
                98.10019                        349.2426
                98.20018                       348.50301
                98.30017                       347.76626
                98.40016                       347.03234
                98.50015                       346.30123
                98.60014                       345.57292
                98.70013                       344.84741
                98.80012                       344.12469
                98.90011                       343.40474
                 99.0001                       342.68755
                99.10009                       341.97311
                99.20008                       341.26142
                99.30007                       340.55245
                99.40006                       339.84621
                99.50005                       339.14268
                99.60004                       338.44185
                99.70003                       337.74371
                99.80002                       337.04825
                99.90001                       336.35546
                     100                       335.66532

