                   0.01                     0.045899317
                 0.10999                      0.96962143
                 0.20998                       1.8814792
                 0.30997                       2.7814615
                 0.40996                       3.6695924
                 0.50995                       4.5458963
                 0.60994                       5.4103974
                 0.70993                       6.2631199
                 0.80992                       7.1040879
                 0.90991                       7.9333254
                  1.0099                       8.7508559
                 1.10989                       9.5567031
                 1.20988                        10.35089
                 1.30987                       11.133441
                 1.40986                       11.904377
                 1.50985                       12.663723
                 1.60984                         13.4115
                 1.70983                       14.147732
                 1.80982                        14.87244
                 1.90981                       15.585646
                  2.0098                       16.287372
                 2.10979                       16.977641
                 2.20978                       17.656472
                 2.30977                       18.323888
                 2.40976                        18.97991
                 2.50975                       19.624557
                 2.60974                       20.257852
                 2.70973                       20.879814
                 2.80972                       21.490462
                 2.90971                       22.089818
                  3.0097                         22.6779
                 3.10969                       23.254729
                 3.20968                       23.820322
                 3.30967                         24.3747
                 3.40966                        24.91788
                 3.50965                       25.449882
                 3.60964                       25.970723
                 3.70963                       26.480421
                 3.80962                       26.978993
                 3.90961                       27.466459
                  4.0096                       27.942833
                 4.10959                       28.408134
                 4.20958                       28.862377
                 4.30957                        29.30558
                 4.40956                       29.737758
                 4.50955                       30.158927
                 4.60954                       30.569103
                 4.70953                       30.968301
                 4.80952                       31.356535
                 4.90951                       31.733821
                  5.0095                       32.371448
                 5.10949                       33.008854
                 5.20948                       33.646049
                 5.30947                       34.283043
                 5.40946                       34.919845
                 5.50945                       35.556464
                 5.60944                       36.192911
                 5.70943                       36.829194
                 5.80942                       37.465324
                 5.90941                       38.101311
                  6.0094                       38.737163
                 6.10939                       39.372892
                 6.20938                       40.008506
                 6.30937                       40.644015
                 6.40936                        41.27943
                 6.50935                       41.914759
                 6.60934                       42.550014
                 6.70933                       43.185204
                 6.80932                       43.820338
                 6.90931                       44.455428
                  7.0093                       45.090482
                 7.10929                       45.725511
                 7.20928                       46.360525
                 7.30927                       46.995534
                 7.40926                       47.630548
                 7.50925                       48.265577
                 7.60924                       48.900631
                 7.70923                        49.53572
                 7.80922                       50.170855
                 7.90921                       50.806046
                  8.0092                       51.441303
                 8.10919                       52.076636
                 8.20918                       52.712055
                 8.30917                       53.347571
                 8.40916                       53.983193
                 8.50915                       54.618933
                 8.60914                         55.2548
                 8.70913                       55.890805
                 8.80912                       56.526959
                 8.90911                        57.16327
                  9.0091                        57.79975
                 9.10909                        58.43641
                 9.20908                       59.073259
                 9.30907                       59.710308
                 9.40906                       60.347567
                 9.50905                       60.985047
                 9.60904                       61.622758
                 9.70903                       62.260711
                 9.80902                       62.898916
                 9.90901                       63.537383
                  10.009                       64.176124
                10.10899                       64.815148
                10.20898                       65.454465
                10.30897                       66.094088
                10.40896                       66.734025
                10.50895                       67.374288
                10.60894                       68.014886
                10.70893                       68.655831
                10.80892                       69.297133
                10.90891                       69.938802
                 11.0089                        70.58085
                11.10889                       71.223286
                11.20888                       71.866121
                11.30887                       72.509365
                11.40886                        73.15303
                11.50885                       73.797125
                11.60884                       74.441661
                11.70883                       75.086649
                11.80882                       75.732099
                11.90881                       76.378022
                 12.0088                       77.024428
                12.10879                       77.671328
                12.20878                       78.318732
                12.30877                       78.966651
                12.40876                       79.615094
                12.50875                       80.265749
                12.60874                       80.916976
                12.70873                       81.568788
                12.80872                       82.221194
                12.90871                       82.874205
                 13.0087                       83.527831
                13.10869                       84.182083
                13.20868                       84.836971
                13.30867                       85.492506
                13.40866                       86.148697
                13.50865                       86.805557
                13.60864                       87.463094
                13.70863                        88.12132
                13.80862                       88.780244
                13.90861                       89.439878
                 14.0086                        90.10023
                14.10859                       90.761313
                14.20858                       91.423135
                14.30857                       92.085708
                14.40856                       92.749041
                14.50855                       93.413145
                14.60854                       94.078029
                14.70853                       94.743705
                14.80852                       95.410182
                14.90851                        96.07747
                 15.0085                        96.74558
                15.10849                       97.414521
                15.20848                       98.084304
                15.30847                       98.754939
                15.40846                       99.426435
                15.50845                        100.0988
                15.60844                       100.77205
                15.70843                       101.44619
                15.80842                       102.12123
                15.90841                       102.79718
                 16.0084                       103.47406
                16.10839                       104.15186
                16.20838                        104.8306
                16.30837                        105.5103
                16.40836                       106.19095
                16.50835                       106.87257
                16.60834                       107.55517
                16.70833                       108.23876
                16.80832                       108.92334
                16.90831                       109.60893
                 17.0083                       110.29554
                17.10829                       110.98317
                17.20828                       111.67184
                17.30827                       112.36155
                17.40826                       113.05231
                17.50825                       113.74414
                17.60824                       114.43704
                17.70823                       115.13101
                17.80822                       115.82608
                17.90821                       116.52224
                 18.0082                       117.21951
                18.10819                       117.91789
                18.20818                        118.6174
                18.30817                       119.31804
                18.40816                       120.01982
                18.50815                       120.72275
                18.60814                       121.42683
                18.70813                       122.13208
                18.80812                       122.83851
                18.90811                       123.54612
                 19.0081                       124.25492
                19.10809                       124.96492
                19.20808                       125.67612
                19.30807                       126.38854
                19.40806                       127.10218
                19.50805                       127.81705
                19.60804                       128.53316
                19.70803                       129.25051
                19.80802                       129.96911
                19.90801                       130.68898
                  20.008                       131.41011
                20.10799                       132.13251
                20.20798                        132.8562
                20.30797                       133.58117
                20.40796                       134.30744
                20.50795                       135.03502
                20.60794                        135.7639
                20.70793                       136.49409
                20.80792                       137.22561
                20.90791                       137.95846
                 21.0079                       138.69264
                21.10789                       139.42817
                21.20788                       140.16504
                21.30787                       140.90327
                21.40786                       141.64285
                21.50785                        142.3838
                21.60784                       143.12612
                21.70783                       143.86982
                21.80782                        144.6149
                21.90781                       145.36137
                 22.0078                       146.10924
                22.10779                        146.8585
                22.20778                       147.60916
                22.30777                       148.36124
                22.40776                       149.11473
                22.50775                       149.86963
                22.60774                       150.62596
                22.70773                       151.38372
                22.80772                       152.14291
                22.90771                       152.90353
                 23.0077                        153.6656
                23.10769                       154.42911
                23.20768                       155.19407
                23.30767                       155.96049
                23.40766                       156.72836
                23.50765                       157.49769
                23.60764                       158.26848
                23.70763                       159.04074
                23.80762                       159.81447
                23.90761                       160.58967
                 24.0076                       161.36635
                24.10759                       162.14451
                24.20758                       162.92414
                24.30757                       163.70525
                24.40756                       164.48785
                24.50755                       165.27192
                24.60754                       166.05746
                24.70753                       166.84445
                24.80752                       167.63284
                24.90751                       168.42237
                      25                        169.1683
                 25.0075                       169.23702
                25.10749                       170.01079
                25.20748                       170.80513
                25.30747                       171.60161
                25.40746                       172.39975
                25.50745                       173.19946
                25.60744                       174.00071
                25.70743                        174.8035
                25.80742                       175.60782
                25.90741                       176.41366
                 26.0074                       177.22102
                26.10739                       178.02991
                26.20738                       178.84051
                26.30737                       179.65263
                26.40736                       180.46628
                26.50735                       181.28145
                26.60734                       182.09815
                26.70733                       182.91637
                26.80732                       183.73611
                26.90731                       184.55737
                 27.0073                       185.38015
                27.10729                       186.20446
                27.20728                       187.03028
                27.30727                       187.85762
                27.40726                       188.68648
                27.50725                       189.51686
                27.60724                       190.34875
                27.70723                       191.18215
                27.80722                       192.01707
                27.90721                       192.85349
                 28.0072                       193.69143
                28.10719                       194.53087
                28.20718                       195.37182
                28.30717                       196.21426
                28.40716                       197.05821
                28.50715                       197.90366
                28.60714                        198.7506
                28.70713                       199.59904
                28.80712                       200.44896
                28.90711                       201.30038
                 29.0071                       202.15327
                29.10709                       203.00765
                29.20708                       203.86351
                29.30707                       204.72085
                29.40706                       205.57965
                29.50705                       206.43992
                29.60704                       207.30166
                29.70703                       208.16486
                29.80702                       209.02952
                29.90701                       209.89563
                  30.007                        210.7632
                30.10699                        211.6322
                30.20698                       212.50265
                30.30697                       213.37454
                30.40696                       214.24786
                30.50695                       215.12261
                30.60694                       215.99878
                30.70693                       216.87638
                30.80692                       217.75539
                30.90691                        218.6358
                 31.0069                       219.51763
                31.10689                       220.40085
                31.20688                       221.28547
                31.30687                       222.17148
                31.40686                       223.05887
                31.50685                       223.94765
                31.60684                       224.83779
                31.70683                       225.72931
                31.80682                       226.62218
                31.90681                       227.51642
                 32.0068                         228.412
                32.10679                       229.30893
                32.20678                        230.2072
                32.30677                        231.1068
                32.40676                       232.00773
                32.50675                       232.90998
                32.60674                       233.81354
                32.70673                       234.71842
                32.80672                       235.62459
                32.90671                       236.53205
                 33.0067                       237.44081
                33.10669                       238.35084
                33.20668                       239.26215
                33.30667                       240.17472
                33.40666                       241.08856
                33.50665                       242.00365
                33.60664                       242.91998
                33.70663                       243.83755
                33.80662                       244.75635
                33.90661                       245.67637
                 34.0066                       246.59792
                34.10659                       247.52069
                34.20658                       248.44465
                34.30657                        249.3698
                34.40656                       250.29615
                34.50655                       251.22366
                34.60654                       252.15235
                34.70653                        253.0822
                34.80652                        254.0132
                34.90651                       254.94534
                 35.0065                       255.87862
                35.10649                       256.81302
                35.20648                       257.74854
                35.30647                       258.68517
                35.40646                       259.62289
                35.50645                       260.56171
                35.60644                        261.5016
                35.70643                       262.44256
                35.80642                       263.38458
                35.90641                       264.32765
                 36.0064                       265.27175
                36.10639                       266.21689
                36.20638                       267.16304
                36.30637                       268.11021
                36.40636                       269.05836
                36.50635                       270.00751
                36.60634                       270.95762
                36.70633                        271.9087
                36.80632                       272.86073
                36.90631                        273.8137
                 37.0063                        274.7676
                37.10629                       275.72241
                37.20628                       276.67812
                37.30627                       277.63472
                37.40626                        278.5922
                37.50625                       279.55054
                37.60624                       280.50972
                37.70623                       281.46975
                37.80622                       282.43059
                37.90621                       283.39224
                 38.0062                       284.35468
                38.10619                       285.31789
                38.20618                       286.28187
                38.30617                       287.24659
                38.40616                       288.21203
                38.50615                       289.17819
                38.60614                       290.14504
                38.70613                       291.11257
                38.80612                       292.08075
                38.90611                       293.04957
                 39.0061                       294.01901
                39.10609                       294.98906
                39.20608                       295.95968
                39.30607                       296.93086
                39.40606                       297.90258
                39.50605                       298.87481
                39.60604                       299.84754
                39.70603                       300.82074
                39.80602                       301.79439
                39.90601                       302.76846
                  40.006                       303.74292
                40.10599                       304.71776
                40.20598                       305.69294
                40.30597                       306.66844
                40.40596                       307.64423
                40.50595                       308.62028
                40.60594                       309.59656
                40.70593                       310.57304
                40.80592                       311.54968
                40.90591                       312.52646
                 41.0059                       313.50335
                41.10589                        314.4803
                41.20588                       315.45728
                41.30587                       316.43426
                41.40586                        317.4112
                41.50585                       318.38806
                41.60584                       319.36481
                41.70583                       320.34139
                41.80582                       321.31778
                41.90581                       322.29392
                 42.0058                       323.26978
                42.10579                       324.24532
                42.20578                       325.22048
                42.30577                       326.19522
                42.40576                       327.16949
                42.50575                       328.14326
                42.60574                       329.11646
                42.70573                       330.08905
                42.80572                       331.06099
                42.90571                       332.03221
                 43.0057                       333.00285
                43.10569                       333.97269
                43.20568                       334.94166
                43.30567                       335.90971
                43.40566                       336.87679
                43.50565                       337.84285
                43.60564                       338.80783
                43.70563                       339.77168
                43.80562                       340.73434
                43.90561                       341.69577
                 44.0056                        342.6559
                44.10559                       343.61468
                44.20558                       344.57206
                44.30557                       345.52797
                44.40556                       346.48238
                44.50555                       347.43521
                44.60554                       348.38642
                44.70553                       349.33594
                44.80552                       350.28371
                44.90551                       351.22967
                 45.0055                       352.17375
                45.10549                       353.11588
                45.20548                       354.05598
                45.30547                       354.99396
                45.40546                       355.92974
                45.50545                        356.8632
                45.60544                       357.79421
                45.70543                       358.72273
                45.80542                       359.64849
                45.90541                        360.5713
                 46.0054                       361.49091
                46.10539                       362.40705
                46.20538                       363.31938
                46.30537                        364.2275
                46.40536                        365.1309
                46.50535                       366.02901
                46.60534                       366.92111
                46.70533                       367.80635
                46.80532                       368.68369
                46.90531                       369.55189
                 47.0053                       370.40948
                47.10529                        371.2547
                47.20528                       372.08547
                47.30527                       372.89934
                47.40526                       373.69352
                47.50525                        374.4648
                47.60524                       375.20968
                47.70523                        375.9244
                47.80522                       376.60525
                47.90521                       377.24892
                 48.0052                       377.85309
                48.10519                       378.41732
                48.20518                       378.94409
                48.30517                       379.44008
                48.40516                       379.91718
                48.50515                       380.39302
                48.60514                       380.89032
                48.70513                       381.43479
                48.80512                       382.05164
                48.90511                       382.76146
                 49.0051                       383.57668
                49.10509                       384.49998
                49.20508                       385.52479
                49.30507                       386.63769
                49.40506                       387.82159
                49.50505                       389.05872
                49.60504                       390.33274
                49.70503                       391.62993
                49.80502                       392.93956
                49.90501                       394.25375
                      50                       395.50148
                  50.005                       395.56707
                50.10499                       396.87615
                50.20498                       398.17878
                50.30497                       399.47394
                50.40496                       400.76133
                50.50495                        402.0411
                50.60494                       403.31371
                50.70493                       404.57977
                50.80492                       405.83996
                50.90491                       407.09498
                 51.0049                       408.34551
                51.10489                       409.59218
                51.20488                       410.83556
                51.30487                       412.07618
                51.40486                       413.31446
                51.50485                       414.55081
                51.60484                       415.78553
                51.70483                       417.01889
                51.80482                        418.2511
                51.90481                       419.48232
                 52.0048                       420.71267
                52.10479                       421.94224
                52.20478                       423.17105
                52.30477                       424.39914
                52.40476                       425.62647
                52.50475                       426.85302
                52.60474                       428.07872
                52.70473                        429.3035
                52.80472                       430.52725
                52.90471                       431.74986
                 53.0047                       432.97122
                53.10469                       434.19119
                53.20468                       435.40963
                53.30467                       436.62639
                53.40466                       437.84131
                53.50465                       439.05423
                53.60464                       440.26498
                53.70463                        441.4734
                53.80462                       442.67932
                53.90461                       443.88255
                 54.0046                       445.08293
                54.10459                       446.28027
                54.20458                        447.4744
                54.30457                       448.66515
                54.40456                       449.85233
                54.50455                       451.03577
                54.60454                       452.21529
                54.70453                       453.39072
                54.80452                       454.56188
                54.90451                       455.72861
                 55.0045                       456.89072
                55.10449                       458.04805
                55.20448                       459.20044
                55.30447                        460.3477
                55.40446                       461.48969
                55.50445                       462.62623
                55.60444                       463.75717
                55.70443                       464.88235
                55.80442                        466.0016
                55.90441                       467.11477
                 56.0044                       468.22171
                56.10439                       469.32226
                56.20438                       470.41627
                56.30437                        471.5036
                56.40436                        472.5841
                56.50435                       473.65761
                56.60434                       474.72401
                56.70433                       475.78313
                56.80432                       476.83486
                56.90431                       477.87903
                 57.0043                       478.91553
                57.10429                       479.94421
                57.20428                       480.96494
                57.30427                       481.97758
                57.40426                       482.98201
                57.50425                        483.9781
                57.60424                       484.96571
                57.70423                       485.94473
                57.80422                       486.91503
                57.90421                       487.87648
                 58.0042                       488.82897
                58.10419                       489.77238
                58.20418                       490.70658
                58.30417                       491.63146
                58.40416                        492.5469
                58.50415                        493.4528
                58.60414                       494.34904
                58.70413                       495.23551
                58.80412                       496.11209
                58.90411                        496.9787
                 59.0041                       497.83521
                59.10409                       498.68152
                59.20408                       499.51769
                59.30407                       500.34347
                59.40406                       501.15874
                59.50405                       501.96343
                59.60404                       502.75742
                59.70403                       503.54063
                59.80402                       504.31297
                59.90401                       505.07435
                  60.004                       505.82467
                60.10399                       506.56385
                60.20398                       507.29181
                60.30397                       508.00847
                60.40396                       508.71373
                60.50395                       509.40754
                60.60394                       510.08979
                60.70393                       510.76043
                60.80392                       511.41938
                60.90391                       512.06657
                 61.0039                       512.70193
                61.10389                       513.32538
                61.20388                       513.93688
                61.30387                       514.53635
                61.40386                       515.12373
                61.50385                       515.69896
                61.60384                         516.262
                61.70383                       516.81278
                61.80382                       517.35125
                61.90381                       517.87736
                 62.0038                       518.39107
                62.10379                       518.89232
                62.20378                       519.38109
                62.30377                       519.85732
                62.40376                       520.32097
                62.50375                       520.77202
                62.60374                       521.21042
                62.70373                       521.63614
                62.80372                       522.04917
                62.90371                       522.44946
                 63.0037                         522.837
                63.10369                       523.21176
                63.20368                       523.57372
                63.30367                       523.92287
                63.40366                       524.25919
                63.50365                       524.58266
                63.60364                       524.89329
                63.70363                       525.19105
                63.80362                       525.47596
                63.90361                       525.74799
                 64.0036                       526.00716
                64.10359                       526.25346
                64.20358                        526.4869
                64.30357                       526.70748
                64.40356                       526.91522
                64.50355                       527.11012
                64.60354                       527.29221
                64.70353                       527.46149
                64.80352                       527.61798
                64.90351                       527.76171
                 65.0035                        527.8927
                65.10349                       528.01098
                65.20348                       528.11657
                65.30347                        528.2095
                65.40346                       528.28981
                65.50345                       528.35753
                65.60344                       528.41281
                65.70343                       528.45558
                65.80342                       528.48588
                65.90341                       528.50374
                 66.0034                       528.50923
                66.10339                       528.50238
                66.20338                       528.48325
                66.30337                       528.45188
                66.40336                       528.40833
                66.50335                       528.35267
                66.60334                       528.28493
                66.70333                       528.20519
                66.80332                       528.11351
                66.90331                       528.00994
                 67.0033                       527.89457
                67.10329                       527.76744
                67.20328                       527.62864
                67.30327                       527.47823
                67.40326                       527.31628
                67.50325                       527.14288
                67.60324                       526.95809
                67.70323                         526.762
                67.80322                       526.55467
                67.90321                        526.3362
                 68.0032                       526.10667
                68.10319                       525.86615
                68.20318                       525.61473
                68.30317                       525.35251
                68.40316                       525.07956
                68.50315                       524.79598
                68.60314                       524.50185
                68.70313                       524.19727
                68.80312                       523.88234
                68.90311                       523.55713
                 69.0031                       523.22175
                69.10309                        522.8763
                69.20308                       522.52087
                69.30307                       522.15555
                69.40306                       521.78046
                69.50305                       521.39568
                69.60304                       521.00131
                69.70303                       520.59747
                69.80302                       520.18424
                69.90301                       519.76174
                  70.003                       519.33006
                70.10299                       518.88931
                70.20298                       518.43959
                70.30297                       517.98102
                70.40296                       517.51368
                70.50295                        517.0377
                70.60294                       516.55318
                70.70293                       516.06022
                70.80292                       515.55893
                70.90291                       515.04942
                 71.0029                       514.53179
                71.10289                       514.00616
                71.20288                       513.47264
                71.30287                       512.93132
                71.40286                       512.38233
                71.50285                       511.82576
                71.60284                       511.26173
                71.70283                       510.69034
                71.80282                       510.11172
                71.90281                       509.52595
                 72.0028                       508.93316
                72.10279                       508.33345
                72.20278                       507.72693
                72.30277                        507.1137
                72.40276                       506.49389
                72.50275                       505.86758
                72.60274                        505.2349
                72.70273                       504.59595
                72.80272                       503.95084
                72.90271                       503.29967
                 73.0027                       502.64255
                73.10269                       501.97959
                73.20268                       501.31089
                73.30267                       500.63655
                73.40266                       499.95669
                73.50265                       499.27141
                73.60264                        498.5808
                73.70263                       497.88498
                73.80262                       497.18405
                73.90261                       496.47811
                 74.0026                       495.76726
                74.10259                        495.0516
                74.20258                       494.33123
                74.30257                       493.60626
                74.40256                       492.87678
                74.50255                       492.14289
                74.60254                       491.40469
                74.70253                       490.66228
                74.80252                       489.91575
                74.90251                        489.1652
                 75.0025                       488.41072
                75.10249                       487.65256
                75.20248                       486.89067
                75.30247                       486.12512
                75.40246                       485.35603
                75.50245                       484.58347
                75.60244                       483.80755
                75.70243                       483.02834
                75.80242                       482.24594
                75.90241                       481.46043
                 76.0024                       480.67191
                76.10239                       479.88045
                76.20238                       479.08615
                76.30237                       478.28909
                76.40236                       477.48936
                76.50235                       476.68703
                76.60234                       475.88218
                76.70233                       475.07491
                76.80232                       474.26529
                76.90231                        473.4534
                 77.0023                       472.63932
                77.10229                       471.82312
                77.20228                       471.00489
                77.30227                       470.18469
                77.40226                       469.36261
                77.50225                       468.53872
                77.60224                       467.71309
                77.70223                       466.88579
                77.80222                        466.0569
                77.90221                       465.22649
                 78.0022                       464.39462
                78.10219                       463.56137
                78.20218                        462.7268
                78.30217                       461.89097
                78.40216                       461.05397
                78.50215                       460.21585
                78.60214                       459.37667
                78.70213                        458.5365
                78.80212                        457.6954
                78.90211                       456.85344
                 79.0021                       456.01067
                79.10209                       455.16716
                79.20208                       454.32296
                79.30207                       453.47813
                79.40206                       452.63274
                79.50205                       451.78683
                79.60204                       450.94046
                79.70203                       450.09369
                79.80202                       449.24657
                79.90201                       448.39915
                  80.002                       447.55149
                80.10199                       446.70364
                80.20198                       445.85565
                80.30197                       445.00757
                80.40196                       444.15945
                80.50195                       443.31133
                80.60194                       442.46327
                80.70193                       441.61531
                80.80192                        440.7675
                80.90191                       439.91988
                 81.0019                        439.0725
                81.10189                       438.22539
                81.20188                       437.37862
                81.30187                       436.53221
                81.40186                       435.68621
                81.50185                       434.84065
                81.60184                       433.99559
                81.70183                       433.15105
                81.80182                       432.30708
                81.90181                       431.46371
                 82.0018                       430.62099
                82.10179                       429.77894
                82.20178                       428.93761
                82.30177                       428.09703
                82.40176                       427.25724
                82.50175                       426.41826
                82.60174                       425.58013
                82.70173                       424.74288
                82.80172                       423.90655
                82.90171                       423.07117
                 83.0017                       422.23677
                83.10169                       421.40337
                83.20168                       420.57101
                83.30167                       419.73972
                83.40166                       418.90952
                83.50165                       418.08044
                83.60164                       417.25251
                83.70163                       416.42576
                83.80162                       415.60021
                83.90161                       414.77588
                 84.0016                       413.95281
                84.10159                       413.13101
                84.20158                       412.31051
                84.30157                       411.49134
                84.40156                       410.67351
                84.50155                       409.85705
                84.60154                       409.04198
                84.70153                       408.22831
                84.80152                       407.41608
                84.90151                        406.6053
                 85.0015                         405.796
                85.10149                       404.98818
                85.20148                       404.18187
                85.30147                       403.37709
                85.40146                       402.57385
                85.50145                       401.77218
                85.60144                       400.97209
                85.70143                       400.17359
                85.80142                        399.3767
                85.90141                       398.58145
                 86.0014                       397.78783
                86.10139                       396.99588
                86.20138                       396.20559
                86.30137                         395.417
                86.40136                        394.6301
                86.50135                       393.84491
                86.60134                       393.06146
                86.70133                       392.27974
                86.80132                       391.49977
                86.90131                       390.72156
                 87.0013                       389.94513
                87.10129                       389.17049
                87.20128                       388.39764
                87.30127                       387.62659
                87.40126                       386.85736
                87.50125                       386.08996
                87.60124                        385.3244
                87.70123                       384.56068
                87.80122                       383.79881
                87.90121                        383.0388
                 88.0012                       382.28066
                88.10119                        381.5244
                88.20118                       380.77003
                88.30117                       380.01755
                88.40116                       379.26697
                88.50115                       378.51829
                88.60114                       377.77153
                88.70113                       377.02669
                88.80112                       376.28377
                88.90111                       375.54278
                 89.0011                       374.80373
                89.10109                       374.06662
                89.20108                       373.33146
                89.30107                       372.59825
                89.40106                       371.86699
                89.50105                       371.13769
                89.60104                       370.41035
                89.70103                       369.68499
                89.80102                       368.96159
                89.90101                       368.24017
                  90.001                       367.52072
                90.10099                       366.80326
                90.20098                       366.08777
                90.30097                       365.37428
                90.40096                       364.66277
                90.50095                       363.95325
                90.60094                       363.24572
                90.70093                       362.54019
                90.80092                       361.83665
                90.90091                        361.1351
                 91.0009                       360.43556
                91.10089                       359.73801
                91.20088                       359.04246
                91.30087                       358.34892
                91.40086                       357.65737
                91.50085                       356.96783
                91.60084                       356.28028
                91.70083                       355.59474
                91.80082                        354.9112
                91.90081                       354.22966
                 92.0008                       353.55012
                92.10079                       352.87259
                92.20078                       352.19705
                92.30077                       351.52351
                92.40076                       350.85197
                92.50075                       350.18242
                92.60074                       349.51488
                92.70073                       348.84932
                92.80072                       348.18576
                92.90071                        347.5242
                 93.0007                       346.86462
                93.10069                       346.20703
                93.20068                       345.55143
                93.30067                       344.89781
                93.40066                       344.24618
                93.50065                       343.59652
                93.60064                       342.94885
                93.70063                       342.30315
                93.80062                       341.65942
                93.90061                       341.01766
                 94.0006                       340.37788
                94.10059                       339.74005
                94.20058                        339.1042
                94.30057                        338.4703
                94.40056                       337.83836
                94.50055                       337.20837
                94.60054                       336.58033
                94.70053                       335.95424
                94.80052                       335.33009
                94.90051                       334.70789
                 95.0005                       334.08762
                95.10049                       333.46929
                95.20048                       332.85289
                95.30047                       332.23841
                95.40046                       331.62586
                95.50045                       331.01522
                95.60044                        330.4065
                95.70043                        329.7997
                95.80042                        329.1948
                95.90041                        328.5918
                 96.0004                        327.9907
                96.10039                        327.3915
                96.20038                       326.79419
                96.30037                       326.19877
                96.40036                       325.60523
                96.50035                       325.01357
                96.60034                       324.42378
                96.70033                       323.83586
                96.80032                       323.24981
                96.90031                       322.66562
                 97.0003                       322.08328
                97.10029                        321.5028
                97.20028                       320.92416
                97.30027                       320.34737
                97.40026                       319.77241
                97.50025                       319.19929
                97.60024                       318.62799
                97.70023                       318.05852
                97.80022                       317.49087
                97.90021                       316.92503
                 98.0002                       316.36099
                98.10019                       315.79877
                98.20018                       315.23834
                98.30017                       314.67971
                98.40016                       314.12286
                98.50015                        313.5678
                98.60014                       313.01452
                98.70013                       312.46302
                98.80012                       311.91328
                98.90011                        311.3653
                 99.0001                       310.81909
                99.10009                       310.27463
                99.20008                       309.73191
                99.30007                       309.19094
                99.40006                       308.65171
                99.50005                       308.11421
                99.60004                       307.57844
                99.70003                       307.04439
                99.80002                       306.51206
                99.90001                       305.98144
                     100                       305.45253

