              0.01                     0.031892207
                 0.10999                      0.55669959
                 0.20998                       1.0584554
                 0.30997                       1.5368854
                 0.40996                       1.9917363
                 0.50995                       2.4227844
                 0.60994                       2.8298488
                 0.70993                       3.2127731
                 0.80992                       3.5714345
                 0.90991                       3.9057445
                  1.0099                       4.2156493
                 1.10989                       4.5011286
                 1.20988                       4.7621934
                 1.30987                       4.9988834
                 1.40986                       5.2112638
                 1.50985                       5.3994219
                 1.60984                       5.5634634
                 1.70983                       5.7035087
                 1.80982                       6.0287136
                 1.90981                       6.3527109
                  2.0098                       6.6755297
                 2.10979                       6.9972066
                 2.20978                       7.3177835
                 2.30977                       7.6373069
                 2.40976                       7.9558264
                 2.50975                       8.2733936
                 2.60974                       8.5900615
                 2.70973                       8.9058836
                 2.80972                       9.2209127
                 2.90971                       9.5352014
                  3.0097                       9.8488007
                 3.10969                        10.16176
                 3.20968                       10.474127
                 3.30967                       10.785947
                 3.40966                       11.097265
                 3.50965                        11.40812
                 3.60964                       11.718552
                 3.70963                       12.028598
                 3.80962                       12.338293
                 3.90961                       12.647668
                  4.0096                       12.956753
                 4.10959                       13.265578
                 4.20958                       13.574168
                 4.30957                       13.882548
                 4.40956                       14.190741
                 4.50955                       14.498767
                 4.60954                       14.806647
                 4.70953                       15.114398
                 4.80952                       15.422039
                 4.90951                       15.729583
                  5.0095                       16.037046
                 5.10949                       16.344442
                 5.20948                       16.651782
                 5.30947                       16.959079
                 5.40946                       17.266344
                 5.50945                       17.573586
                 5.60944                       17.880814
                 5.70943                       18.188039
                 5.80942                       18.496668
                 5.90941                       18.805355
                  6.0094                       19.114107
                 6.10939                       19.422931
                 6.20938                       19.731834
                 6.30937                        20.04082
                 6.40936                       20.349895
                 6.50935                       20.659066
                 6.60934                       20.968335
                 6.70933                       21.277709
                 6.80932                       21.587191
                 6.90931                       21.896786
                  7.0093                       22.206498
                 7.10929                        22.51633
                 7.20928                       22.826286
                 7.30927                        23.13637
                 7.40926                       23.446585
                 7.50925                       23.756934
                 7.60924                       24.067842
                 7.70923                       24.378901
                 7.80922                       24.690115
                 7.90921                       25.001485
                  8.0092                       25.313015
                 8.10919                       25.624707
                 8.20918                       25.936564
                 8.30917                       26.248589
                 8.40916                       26.560783
                 8.50915                        26.87315
                 8.60914                       27.185693
                 8.70913                       27.498412
                 8.80912                       27.811311
                 8.90911                       28.124392
                  9.0091                       28.437658
                 9.10909                        28.75111
                 9.20908                       29.064751
                 9.30907                       29.378583
                 9.40906                       29.692609
                 9.50905                        30.00683
                 9.60904                        30.32125
                 9.70903                       30.635869
                 9.80902                       30.950691
                 9.90901                       31.265717
                  10.009                        31.58095
                10.10899                       31.896392
                10.20898                       32.212045
                10.30897                       32.527911
                10.40896                       32.843993
                10.50895                       33.160293
                10.60894                       33.476813
                10.70893                       33.793554
                10.80892                       34.110521
                10.90891                       34.427713
                 11.0089                       34.745135
                11.10889                       35.062788
                11.20888                       35.380674
                11.30887                       35.698796
                11.40886                       36.017155
                11.50885                       36.335755
                11.60884                       36.654597
                11.70883                       36.973683
                11.80882                       37.293017
                11.90881                         37.6126
                 12.0088                       37.932434
                12.10879                       38.252522
                12.20878                       38.572866
                12.30877                       38.893469
                12.40876                       39.214333
                12.50875                        39.53598
                12.60874                         39.8579
                12.70873                       40.180097
                12.80872                       40.502573
                12.90871                        40.82533
                 13.0087                       41.148371
                13.10869                       41.471698
                13.20868                       41.795314
                13.30867                        42.11922
                13.40866                        42.44342
                13.50865                       42.767915
                13.60864                       43.092709
                13.70863                       43.417804
                13.80862                       43.743202
                13.90861                       44.068906
                 14.0086                       44.394919
                14.10859                       44.721242
                14.20858                       45.047879
                14.30857                       45.374832
                14.40856                       45.702103
                14.50855                       46.029696
                14.60854                       46.357612
                14.70853                       46.685855
                14.80852                       47.014427
                14.90851                       47.343331
                 15.0085                       47.672568
                15.10849                       48.002143
                15.20848                       48.332057
                15.30847                       48.662314
                15.40846                       48.992915
                15.50845                       49.323864
                15.60844                       49.655163
                15.70843                       49.986816
                15.80842                       50.318824
                15.90841                        50.65119
                 16.0084                       50.983918
                16.10839                        51.31701
                16.20838                       51.650469
                16.30837                       51.984297
                16.40836                       52.318498
                16.50835                       52.653074
                16.60834                       52.988028
                16.70833                       53.323363
                16.80832                       53.659082
                16.90831                       53.995187
                 17.0083                       54.331681
                17.10829                       54.668568
                17.20828                       55.005851
                17.30827                       55.343531
                17.40826                       55.681612
                17.50825                       56.020098
                17.60824                        56.35899
                17.70823                       56.698293
                17.80822                       57.038008
                17.90821                       57.378139
                 18.0082                       57.718689
                18.10819                       58.059661
                18.20818                       58.401057
                18.30817                       58.742882
                18.40816                       59.085137
                18.50815                       59.427827
                18.60814                       59.770954
                18.70813                       60.114521
                18.80812                       60.458531
                18.90811                       60.802987
                 19.0081                       61.147894
                19.10809                       61.493252
                19.20808                       61.839067
                19.30807                       62.185341
                19.40806                       62.532076
                19.50805                       62.879278
                19.60804                       63.226947
                19.70803                       63.575089
                19.80802                       63.923705
                19.90801                         64.2728
                  20.008                       64.622376
                20.10799                       64.972438
                20.20798                       65.322987
                20.30797                       65.674028
                20.40796                       66.025563
                20.50795                       66.377597
                20.60794                       66.730132
                20.70793                       67.083171
                20.80792                       67.436719
                20.90791                       67.790779
                 21.0079                       68.145353
                21.10789                       68.500446
                21.20788                       68.856061
                21.30787                       69.212201
                21.40786                       69.568869
                21.50785                        69.92607
                21.60784                       70.283807
                21.70783                       70.642083
                21.80782                       71.000902
                21.90781                       71.360267
                 22.0078                       71.720182
                22.10779                       72.080651
                22.20778                       72.441677
                22.30777                       72.803263
                22.40776                       73.165414
                22.50775                       73.528133
                22.60774                       73.891424
                22.70773                        74.25529
                22.80772                       74.619735
                22.90771                       74.984763
                 23.0077                       75.350378
                23.10769                       75.716583
                23.20768                       76.083382
                23.30767                       76.450779
                23.40766                       76.818778
                23.50765                       77.187382
                23.60764                       77.556596
                23.70763                       77.926423
                23.80762                       78.296867
                23.90761                       78.667932
                 24.0076                       79.039623
                24.10759                       79.411942
                24.20758                       79.784895
                24.30757                       80.158484
                24.40756                       80.532714
                24.50755                        80.90759
                24.60754                       81.283115
                24.70753                       81.659292
                24.80752                       82.036127
                24.90751                       82.413624
                      25                       82.763398
                 25.0075                       82.791825
                25.10749                       83.171135
                25.20748                       83.551123
                25.30747                       83.931794
                25.40746                       84.313152
                25.50745                       84.695201
                25.60744                       85.077945
                25.70743                        85.46139
                25.80742                       85.845538
                25.90741                       86.230395
                 26.0074                       86.615964
                26.10739                       87.002251
                26.20738                        87.38926
                26.30737                       87.776996
                26.40736                       88.165462
                26.50735                       88.554663
                26.60734                       88.944604
                26.70733                        89.33529
                26.80732                       89.726725
                26.90731                       90.118914
                 27.0073                       90.511862
                27.10729                       90.905572
                27.20728                       91.300051
                27.30727                       91.695303
                27.40726                       92.091332
                27.50725                       92.488143
                27.60724                       92.885742
                27.70723                       93.284133
                27.80722                       93.683322
                27.90721                       94.083312
                 28.0072                        94.48411
                28.10719                       94.885719
                28.20718                       95.288146
                28.30717                       95.691396
                28.40716                       96.095473
                28.50715                       96.500382
                28.60714                        96.90613
                28.70713                        97.31272
                28.80712                        97.72016
                28.90711                       98.128452
                 29.0071                       98.537604
                29.10709                       98.947621
                29.20708                       99.358507
                29.30707                       99.770269
                29.40706                       100.18291
                29.50705                       100.59644
                29.60704                       101.01086
                29.70703                       101.42618
                29.80702                        101.8424
                29.90701                       102.25954
                  30.007                       102.67758
                30.10699                       103.09655
                30.20698                       103.51644
                30.30697                       103.93727
                30.40696                       104.35903
                30.50695                       104.78174
                30.60694                        105.2054
                30.70693                       105.63001
                30.80692                       106.05559
                30.90691                       106.48213
                 31.0069                       106.90965
                31.10689                       107.33815
                31.20688                       107.76764
                31.30687                       108.19812
                31.40686                        108.6296
                31.50685                       109.06209
                31.60684                       109.49559
                31.70683                       109.93011
                31.80682                       110.36565
                31.90681                       110.80222
                 32.0068                       111.23984
                32.10679                        111.6785
                32.20678                       112.11821
                32.30677                       112.55898
                32.40676                       113.00081
                32.50675                       113.44372
                32.60674                       113.88771
                32.70673                       114.33278
                32.80672                       114.77895
                32.90671                       115.22621
                 33.0067                       115.67459
                33.10669                       116.12407
                33.20668                       116.57468
                33.30667                       117.02642
                33.40666                       117.47929
                33.50665                       117.93331
                33.60664                       118.38847
                33.70663                        118.8448
                33.80662                       119.30229
                33.90661                       119.76095
                 34.0066                       120.22079
                34.10659                       120.68182
                34.20658                       121.14405
                34.30657                       121.60748
                34.40656                       122.07212
                34.50655                       122.53798
                34.60654                       123.00506
                34.70653                       123.47338
                34.80652                       123.94295
                34.90651                       124.41376
                 35.0065                       124.88583
                35.10649                       125.35917
                35.20648                       125.83378
                35.30647                       126.30967
                35.40646                       126.78685
                35.50645                       127.26534
                35.60644                       127.74513
                35.70643                       128.22624
                35.80642                       128.70867
                35.90641                       129.19243
                 36.0064                       129.67754
                36.10639                       130.16399
                36.20638                       130.65181
                36.30637                       131.14099
                36.40636                       131.63154
                36.50635                       132.12349
                36.60634                       132.61682
                36.70633                       133.11156
                36.80632                       133.60771
                36.90631                       134.10528
                 37.0063                       134.60428
                37.10629                       135.10472
                37.20628                        135.6066
                37.30627                       136.10995
                37.40626                       136.61476
                37.50625                       137.12105
                37.60624                       137.62882
                37.70623                       138.13809
                37.80622                       138.64886
                37.90621                       139.16115
                 38.0062                       139.67496
                38.10619                        140.1903
                38.20618                       140.70719
                38.30617                       141.22563
                38.40616                       141.74564
                38.50615                       142.26722
                38.60614                       142.79039
                38.70613                       143.31514
                38.80612                       143.84151
                38.90611                       144.36949
                 39.0061                       144.89909
                39.10609                       145.43033
                39.20608                       145.96321
                39.30607                       146.49775
                39.40606                       147.03396
                39.50605                       147.57185
                39.60604                       148.11143
                39.70603                       148.65271
                39.80602                        149.1957
                39.90601                       149.74041
                  40.006                       150.28685
                40.10599                       150.83505
                40.20598                       151.38499
                40.30597                       151.93671
                40.40596                        152.4902
                40.50595                       153.04549
                40.60594                       153.60258
                40.70593                       154.16148
                40.80592                       154.72221
                40.90591                       155.28478
                 41.0059                        155.8492
                41.10589                       156.41549
                41.20588                       156.98364
                41.30587                       157.55369
                41.40586                       158.12564
                41.50585                       158.69949
                41.60584                       159.27528
                41.70583                         159.853
                41.80582                       160.43268
                41.90581                       161.01431
                 42.0058                       161.59793
                42.10579                       162.18353
                42.20578                       162.77114
                42.30577                       163.36077
                42.40576                       163.95243
                42.50575                       164.54613
                42.60574                       165.14189
                42.70573                       165.73972
                42.80572                       166.33964
                42.90571                       166.94166
                 43.0057                       167.54579
                43.10569                       168.15206
                43.20568                       168.76046
                43.30567                       169.37102
                43.40566                       169.98376
                43.50565                       170.59868
                43.60564                       171.21581
                43.70563                       171.83515
                43.80562                       172.45672
                43.90561                       173.08054
                 44.0056                       173.70663
                44.10559                         174.335
                44.20558                       174.96566
                44.30557                       175.59863
                44.40556                       176.23392
                44.50555                       176.87156
                44.60554                       177.51156
                44.70553                       178.15394
                44.80552                        178.7987
                44.90551                       179.44588
                 45.0055                       180.09548
                45.10549                       180.74752
                45.20548                       181.40202
                45.30547                         182.059
                45.40546                       182.71848
                45.50545                       183.38046
                45.60544                       184.04498
                45.70543                       184.71204
                45.80542                       185.38167
                45.90541                       186.05389
                 46.0054                        186.7287
                46.10539                       187.40614
                46.20538                       188.08621
                46.30537                       188.76895
                46.40536                       189.45436
                46.50535                       190.14247
                46.60534                       190.83329
                46.70533                       191.52685
                46.80532                       192.22316
                46.90531                       192.92225
                 47.0053                       193.62413
                47.10529                       194.32883
                47.20528                       195.03637
                47.30527                       195.74676
                47.40526                       196.46002
                47.50525                       197.17618
                47.60524                       197.89526
                47.70523                       198.61729
                47.80522                       199.34227
                47.90521                       200.07023
                 48.0052                        200.8012
                48.10519                       201.53519
                48.20518                       202.27223
                48.30517                       203.01234
                48.40516                       203.75554
                48.50515                       204.50186
                48.60514                       205.25131
                48.70513                       206.00393
                48.80512                       206.75972
                48.90511                       207.51873
                 49.0051                       208.28096
                49.10509                       209.04645
                49.20508                       209.81521
                49.30507                       210.58727
                49.40506                       211.36266
                49.50505                        212.1414
                49.60504                        212.9235
                49.70503                       213.70901
                49.80502                       214.49793
                49.90501                        215.2903
                      50                       216.04626
                  50.005                       216.08616
                50.10499                       216.88587
                50.20498                       217.68911
                50.30497                       218.49589
                50.40496                       219.30624
                50.50495                       220.12019
                50.60494                       220.93776
                50.70493                       221.75898
                50.80492                       222.58388
                50.90491                       223.41247
                 51.0049                       224.24478
                51.10489                       225.08084
                51.20488                       225.92068
                51.30487                       226.76431
                51.40486                       227.61177
                51.50485                       228.46308
                51.60484                       229.31827
                51.70483                       230.17735
                51.80482                       231.04036
                51.90481                       231.90732
                 52.0048                       232.77826
                52.10479                        233.6532
                52.20478                       234.53216
                52.30477                       235.41517
                52.40476                       236.30226
                52.50475                       237.19345
                52.60474                       238.08877
                52.70473                       238.98824
                52.80472                       239.89188
                52.90471                       240.79972
                 53.0047                       241.71179
                53.10469                       242.62811
                53.20468                        243.5487
                53.30467                        244.4736
                53.40466                       245.40283
                53.50465                       246.33641
                53.60464                       247.27437
                53.70463                       248.21674
                53.80462                       249.16355
                53.90461                       250.11483
                 54.0046                        251.0706
                54.10459                       252.03089
                54.20458                       252.99574
                54.30457                       253.96519
                54.40456                       254.93926
                54.50455                       255.91799
                54.60454                       256.90141
                54.70453                       257.88958
                54.80452                       258.88252
                54.90451                       259.88028
                 55.0045                       260.88291
                55.10449                       261.89045
                55.20448                       262.90295
                55.30447                       263.92046
                55.40446                       264.94304
                55.50445                       265.97075
                55.60444                       267.00364
                55.70443                       268.04177
                55.80442                        269.0852
                55.90441                       270.13401
                 56.0044                       271.18826
                56.10439                       272.24802
                56.20438                       273.31336
                56.30437                       274.38435
                56.40436                       275.46108
                56.50435                       276.54361
                56.60434                       277.63202
                56.70433                        278.7264
                56.80432                       279.82682
                56.90431                       280.93335
                 57.0043                        282.0461
                57.10429                       283.16512
                57.20428                       284.29051
                57.30427                       285.42234
                57.40426                       286.56069
                57.50425                       287.70565
                57.60424                        288.8573
                57.70423                       290.01571
                57.80422                       291.18096
                57.90421                       292.35312
                 58.0042                       293.53229
                58.10419                       294.71853
                58.20418                       295.91192
                58.30417                       297.11253
                58.40416                       298.32044
                58.50415                       299.53573
                58.60414                       300.75846
                58.70413                       301.98871
                58.80412                       303.22656
                58.90411                       304.47208
                 59.0041                       305.72533
                59.10409                        306.9864
                59.20408                       308.25535
                59.30407                       309.53226
                59.40406                        310.8172
                59.50405                       312.11024
                59.60404                       313.41147
                59.70403                       314.72095
                59.80402                       316.03876
                59.90401                       317.36497
                  60.004                       318.69967
                60.10399                       320.04293
                60.20398                       321.39482
                60.30397                       322.75544
                60.40396                       324.12485
                60.50395                       325.50315
                60.60394                        326.8904
                60.70393                       328.28671
                60.80392                       329.69215
                60.90391                       331.10681
                 61.0039                       332.53078
                61.10389                       333.96414
                61.20388                       335.40699
                61.30387                       336.85943
                61.40386                       338.32154
                61.50385                       339.79341
                61.60384                       341.27516
                61.70383                       342.76687
                61.80382                       344.26864
                61.90381                       345.78058
                 62.0038                        347.3028
                62.10379                       348.83538
                62.20378                       350.37845
                62.30377                       351.93211
                62.40376                       353.49647
                62.50375                       355.07165
                62.60374                       356.65775
                62.70373                       358.25489
                62.80372                        359.8632
                62.90371                       361.48278
                 63.0037                       363.11377
                63.10369                       364.75628
                63.20368                       366.41044
                63.30367                       368.07638
                63.40366                       369.75423
                63.50365                       371.44412
                63.60364                       373.14618
                63.70363                       374.86055
                63.80362                       376.58736
                63.90361                       378.32677
                 64.0036                        380.0789
                64.10359                       381.84391
                64.20358                       383.62194
                64.30357                       385.41314
                64.40356                       387.21767
                64.50355                       389.03567
                64.60354                       390.86731
                64.70353                       392.71275
                64.80352                       394.57214
                64.90351                       396.44565
                 65.0035                       398.33346
                65.10349                       400.23572
                65.20348                       402.15262
                65.30347                       404.08432
                65.40346                       406.03101
                65.50345                       407.99288
                65.60344                       409.97009
                65.70343                       411.96285
                65.80342                       413.97134
                65.90341                       415.99576
                 66.0034                        418.0363
                66.10339                       420.09316
                66.20338                       422.16656
                66.30337                       424.25669
                66.40336                       426.36377
                66.50335                       428.48801
                66.60334                       430.62964
                66.70333                       432.78886
                66.80332                       434.96592
                66.90331                       437.16103
                 67.0033                       439.37444
                67.10329                       441.60637
                67.20328                       443.85708
                67.30327                       446.12681
                67.40326                       448.41581
                67.50325                       450.72433
                67.60324                       453.05264
                67.70323                         455.401
                67.80322                       457.76967
                67.90321                       460.15894
                 68.0032                       462.56907
                68.10319                       465.00036
                68.20318                       467.45309
                68.30317                       469.92756
                68.40316                       472.42407
                68.50315                       474.94292
                68.60314                       477.48443
                68.70313                        480.0489
                68.80312                       482.63667
                68.90311                       485.24806
                 69.0031                       487.88341
                69.10309                       490.54305
                69.20308                       493.22734
                69.30307                       495.93663
                69.40306                       498.67129
                69.50305                       501.43167
                69.60304                       504.21816
                69.70303                       507.03113
                69.80302                       509.87099
                69.90301                       512.73812
                  70.003                       515.63294
                70.10299                       518.55585
                70.20298                       521.50728
                70.30297                       524.48766
                70.40296                       527.49743
                70.50295                       530.53704
                70.60294                       533.60694
                70.70293                        536.7076
                70.80292                        539.8395
                70.90291                       543.00313
                 71.0029                       546.19898
                71.10289                       549.42756
                71.20288                       552.68938
                71.30287                       555.98498
                71.40286                       559.31489
                71.50285                       562.67967
                71.60284                       566.07988
                71.70283                       569.51609
                71.80282                        572.9889
                71.90281                        576.4989
                 72.0028                        580.0467
                72.10279                       583.63294
                72.20278                       587.25826
                72.30277                       590.92331
                72.40276                       594.62877
                72.50275                       598.37531
                72.60274                       602.16364
                72.70273                       605.99448
                72.80272                       609.86856
                72.90271                       613.78664
                 73.0027                       617.74947
                73.10269                       621.75785
                73.20268                       625.81259
                73.30267                       629.91449
                73.40266                       634.06442
                73.50265                       638.26323
                73.60264                       642.51181
                73.70263                       646.81105
                73.80262                        651.1619
                73.90261                        655.5653
                 74.0026                       660.02223
                74.10259                       664.53368
                74.20258                       669.10067
                74.30257                       673.72426
                74.40256                       678.40553
                74.50255                       683.14557
                74.60254                       687.94551
                74.70253                       692.80652
                74.80252                       697.72979
                74.90251                       702.71654
                 75.0025                       707.76802
                75.10249                       712.88586
                75.20248                       718.07106
                75.30247                       723.32495
                75.40246                       728.64895
                75.50245                       734.04447
                75.60244                       739.51299
                75.70243                       745.05602
                75.80242                       750.67511
                75.90241                       756.37187
                 76.0024                       762.14793
                76.10239                       768.00497
                76.20238                       773.94475
                76.30237                       779.96903
                76.40236                       786.07967
                76.50235                       792.27855
                76.60234                       798.56762
                76.70233                       804.94889
                76.80232                       811.42441
                76.90231                       817.99633
                 77.0023                       824.66682
                77.10229                       831.43815
                77.20228                       838.31264
                77.30227                        845.2927
                77.40226                       852.38079
                77.50225                       859.57948
                77.60224                       866.89139
                77.70223                       874.31925
                77.80222                       881.86585
                77.90221                        889.5341
                 78.0022                       897.32698
                78.10219                        905.2476
                78.20218                       913.29913
                78.30217                       921.48488
                78.40216                       929.80827
                78.50215                       938.27282
                78.60214                       946.88218
                78.70213                       955.64013
                78.80212                       964.55058
                78.90211                       973.61758
                 79.0021                       982.84531
                79.10209                       992.23813
                79.20208                       1001.8005
                79.30207                       1011.5372
                79.40206                       1021.4529
                79.50205                       1031.5528
                79.60204                        1041.842
                79.70203                       1052.3258
                79.80202                       1063.0101
                79.90201                       1073.9005
                  80.002                       1085.0031
                80.10199                       1096.3243
                80.20198                       1107.8705
                80.30197                       1119.6486
                80.40196                       1131.6657
                80.50195                       1143.9293
                80.60194                       1156.4468
                80.70193                       1169.2265
                80.80192                       1182.2766
                80.90191                       1195.6058
                 81.0019                       1209.2233
                81.10189                       1223.1386
                81.20188                       1237.3615
                81.30187                       1251.9024
                81.40186                       1266.7722
                81.50185                       1281.9821
                81.60184                        1297.544
                81.70183                       1313.4704
                81.80182                       1329.7742
                81.90181                        1346.469
                 82.0018                       1363.5691
                82.10179                       1381.0895
                82.20178                       1399.0459
                82.30177                        1417.455
                82.40176                       1436.3339
                82.50175                        1455.701
                82.60174                       1475.5756
                82.70173                       1495.9778
                82.80172                        1516.929
                82.90171                       1538.4518
                 83.0017                       1560.5698
                83.10169                       1583.3081
                83.20168                       1606.6933
                83.30167                       1630.7534
                83.40166                        1655.518
                83.50165                       1681.0187
                83.60164                       1707.2887
                83.70163                       1734.3634
                83.80162                       1762.2803
                83.90161                       1791.0796
                 84.0016                       1820.8035
                84.10159                       1851.4975
                84.20158                       1883.2097
                84.30157                       1915.9917
                84.40156                       1949.8986
                84.50155                       1984.9893
                84.60154                       2021.3267
                84.70153                       2058.9785
                84.80152                       2098.0172
                84.90151                       2138.5209
                 85.0015                       2180.5734
                85.10149                       2224.2652
                85.20148                        2269.694
                85.30147                       2316.9651
                85.40146                       2366.1928
                85.50145                       2417.5007
                85.60144                       2471.0234
                85.70143                       2526.9069
                85.80142                       2585.3105
                85.90141                        2646.408
                 86.0014                       2710.3896
                86.10139                       2777.4637
                86.20138                        2847.859
                86.30137                       2921.8274
                86.40136                       2999.6468
                86.50135                       3081.6243
                86.60134                       3168.1005
                86.70133                       3259.4539
                86.80132                       3356.1064
                86.90131                       3458.5296
                 87.0013                       3567.2524
                87.10129                       3682.8696
                87.20128                       3806.0527
                87.30127                       3937.5624
                87.40126                       4078.2637
                87.50125                       4229.1444
                87.60124                       4391.3369
                87.70123                       4566.1459
                87.80122                       4755.0815
                87.90121                       4959.9006
                 88.0012                       5182.6583
                88.10119                       5425.7728
                88.20118                       5692.1071
                88.30117                       5985.0728
                88.40116                       6308.7644
                88.50115                       6668.1317
                88.60114                       7069.2058
                88.70113                       7519.3951
                88.80112                       8027.8767
                88.90111                       8606.1152
                 89.0011                       9268.5502
                89.10109                         10033.5
                89.20108                       10924.323
                89.30107                       11970.827
                89.40106                       13210.741
                89.50105                       14690.577
                89.60104                       16463.846
                89.70103                       18581.284
                89.80102                       21060.569
                89.90101                       23812.646
                  90.001                        26509.43
                90.10099                       28484.535
                90.20098                       28967.698
                90.30097                       27731.436
                90.40096                       25334.576
                90.50095                       22562.165
                90.60094                       19923.364
                90.70093                       17616.692
                90.80092                       15669.279
                90.90091                        14042.74
                 91.0009                        12683.33
                91.10089                       11540.514
                91.20088                       10572.052
                91.30087                       9744.1906
                91.40086                       9030.3935
                91.50085                        8409.866
                91.60084                       7866.2637
                91.70083                       7386.6589
                91.80082                       6960.7476
                91.90081                       6580.2478
                 92.0008                       6238.4466
                92.10079                       5929.8576
                92.20078                       5649.9609
                92.30077                       5395.0045
                92.40076                       5161.8512
                92.50075                       4947.8601
                92.60074                       4750.7942
                92.70073                       4568.7464
                92.80072                       4400.0826
                92.90071                       4243.3946
                 93.0007                       4097.4629
                93.10069                       3961.2266
                93.20068                       3833.7585
                93.30067                       3714.2451
                93.40066                       3601.9696
                93.50065                       3496.2982
                93.60064                       3396.6685
                93.70063                       3302.5797
                93.80062                       3213.5847
                93.90061                       3129.2828
                 94.0006                        3049.314
                94.10059                        2973.354
                94.20058                       2901.1102
                94.30057                       2832.3173
                94.40056                       2766.7346
                94.50055                       2704.1435
                94.60054                       2644.3443
                94.70053                       2587.1549
                94.80052                       2532.4086
                94.90051                       2479.9524
                 95.0005                       2429.6459
                95.10049                         2381.36
                95.20048                       2334.9754
                95.30047                       2290.3823
                95.40046                        2247.479
                95.50045                       2206.1714
                95.60044                       2166.3721
                95.70043                       2128.0002
                95.80042                       2090.9803
                95.90041                       2055.2422
                 96.0004                       2020.7205
                96.10039                       1987.3542
                96.20038                       1955.0863
                96.30037                       1923.8634
                96.40036                       1893.6355
                96.50035                       1864.3559
                96.60034                       1835.9806
                96.70033                       1808.4684
                96.80032                       1781.7804
                96.90031                       1755.8801
                 97.0003                       1730.7331
                97.10029                       1706.3071
                97.20028                       1682.5714
                97.30027                       1659.4971
                97.40026                       1637.0569
                97.50025                       1615.2251
                97.60024                       1593.9772
                97.70023                         1573.29
                97.80022                       1553.1415
                97.90021                       1533.5111
                 98.0002                       1514.3789
                98.10019                       1495.7261
                98.20018                       1477.5349
                98.30017                       1459.7884
                98.40016                       1442.4704
                98.50015                       1425.5656
                98.60014                       1409.0592
                98.70013                       1392.9374
                98.80012                       1377.1867
                98.90011                       1361.7946
                 99.0001                       1346.7488
                99.10009                       1332.0378
                99.20008                       1317.6505
                99.30007                       1303.5762
                99.40006                       1289.8049
                99.50005                       1276.3268
                99.60004                       1263.1326
                99.70003                       1250.2134
                99.80002                       1237.5607
                99.90001                       1225.1663
                     100                       1213.0222

