        Frequency / MHz                Z1,1/abs,linear
----------------------------------------------------------------------
                    0.01                     0.021415719
                 0.10999                      0.36531677
                 0.20998                      0.70874049
                 0.30997                       1.0515554
                 0.40996                       1.3936293
                 0.50995                       1.7348318
                 0.60994                       2.0750406
                 0.70993                       2.4141452
                 0.80992                       2.7520379
                 0.90991                       3.0886194
                  1.0099                        3.423801
                 1.10989                       3.7575046
                 1.20988                       4.0896642
                 1.30987                       4.4202251
                 1.40986                       4.7491449
                 1.50985                       5.0763921
                 1.60984                       5.4019466
                 1.70983                       5.7257983
                 1.80982                       6.0538831
                 1.90981                       6.3809152
                  2.0098                       6.7069072
                 2.10979                       7.0318782
                 2.20978                       7.3558529
                 2.30977                       7.6788608
                 2.40976                       8.0009351
                 2.50975                       8.3221122
                 2.60974                       8.6424304
                 2.70973                       8.9619298
                 2.80972                       9.2806515
                 2.90971                       9.5986369
                  3.0097                       9.9159274
                 3.10969                       10.232564
                 3.20968                       10.548588
                 3.30967                       10.864037
                 3.40966                        11.17895
                 3.50965                       11.493365
                 3.60964                       11.807316
                 3.70963                       12.120838
                 3.80962                       12.433963
                 3.90961                       12.746721
                  4.0096                       13.059143
                 4.10959                       13.371256
                 4.20958                       13.683085
                 4.30957                       13.994657
                 4.40956                       14.305993
                 4.50955                       14.617117
                 4.60954                       14.928048
                 4.70953                       15.238806
                 4.80952                       15.549408
                 4.90951                       15.859873
                  5.0095                       16.170215
                 5.10949                        16.48045
                 5.20948                       16.790592
                 5.30947                       17.102506
                 5.40946                        17.41442
                 5.50945                       17.726345
                 5.60944                       18.038292
                 5.70943                       18.350271
                 5.80942                       18.662292
                 5.90941                       18.974363
                  6.0094                       19.286493
                 6.10939                        19.59869
                 6.20938                       19.910962
                 6.30937                       20.223315
                 6.40936                       20.535756
                 6.50935                       20.848292
                 6.60934                       21.160928
                 6.70933                        21.47367
                 6.80932                       21.786523
                 6.90931                       22.099492
                  7.0093                       22.412583
                 7.10929                         22.7258
                 7.20928                       23.039147
                 7.30927                       23.352628
                 7.40926                       23.666249
                 7.50925                       23.980012
                 7.60924                       24.293921
                 7.70923                        24.60798
                 7.80922                       24.922192
                 7.90921                       25.236561
                  8.0092                       25.551091
                 8.10919                       25.865783
                 8.20918                       26.180642
                 8.30917                       26.495671
                 8.40916                       26.810871
                 8.50915                       27.126247
                 8.60914                       27.441801
                 8.70913                       27.757535
                 8.80912                       28.073453
                 8.90911                       28.389557
                  9.0091                        28.70585
                 9.10909                       29.022334
                 9.20908                       29.339012
                 9.30907                       29.655887
                 9.40906                        29.97296
                 9.50905                       30.290235
                 9.60904                       30.607713
                 9.70903                       30.925398
                 9.80902                       31.243291
                 9.90901                       31.561395
                  10.009                       31.879712
                10.10899                       32.198246
                10.20898                       32.516997
                10.30897                       32.835969
                10.40896                       33.155163
                10.50895                       33.474583
                10.60894                        33.79423
                10.70893                       34.114107
                10.80892                       34.434216
                10.90891                        34.75456
                 11.0089                        35.07514
                11.10889                       35.395959
                11.20888                        35.71702
                11.30887                       36.038324
                11.40886                       36.359874
                11.50885                       36.681673
                11.60884                       37.003723
                11.70883                       37.326025
                11.80882                       37.648583
                11.90881                       37.971399
                 12.0088                       38.294475
                12.10879                       38.617813
                12.20878                       38.941416
                12.30877                       39.265286
                12.40876                       39.589426
                12.50875                       39.913838
                12.60874                       40.238525
                12.70873                       40.563488
                12.80872                       40.888731
                12.90871                       41.214255
                 13.0087                       41.540063
                13.10869                       41.866158
                13.20868                       42.192541
                13.30867                       42.519217
                13.40866                       42.846186
                13.50865                       43.173451
                13.60864                       43.501016
                13.70863                       43.828881
                13.80862                       44.157051
                13.90861                       44.485527
                 14.0086                       44.814312
                14.10859                       45.143408
                14.20858                       45.472819
                14.30857                       45.802546
                14.40856                       46.132592
                14.50855                        46.46296
                14.60854                       46.793652
                14.70853                       47.124672
                14.80852                        47.45602
                14.90851                       47.787701
                 15.0085                       48.119717
                15.10849                        48.45207
                15.20848                       48.784764
                15.30847                         49.1178
                15.40846                       49.451181
                15.50845                       49.784911
                15.60844                       50.118992
                15.70843                       50.453426
                15.80842                       50.788216
                15.90841                       51.123366
                 16.0084                       51.458877
                16.10839                       51.794753
                16.20838                       52.130996
                16.30837                        52.46761
                16.40836                       52.804596
                16.50835                       53.141958
                16.60834                       53.479698
                16.70833                        53.81782
                16.80832                       54.156326
                16.90831                        54.49522
                 17.0083                       54.834503
                17.10829                       55.174179
                17.20828                       55.514251
                17.30827                       55.854721
                17.40826                       56.195593
                17.50825                        56.53687
                17.60824                       56.878554
                17.70823                       57.220648
                17.80822                       57.563156
                17.90821                        57.90608
                 18.0082                       58.249424
                18.10819                        58.59319
                18.20818                       58.937381
                18.30817                       59.282001
                18.40816                       59.627053
                18.50815                       59.972539
                18.60814                       60.318463
                18.70813                       60.664827
                18.80812                       61.011636
                18.90811                       61.358891
                 19.0081                       61.706597
                19.10809                       62.054755
                19.20808                       62.403371
                19.30807                       62.752446
                19.40806                       63.101984
                19.50805                       63.451988
                19.60804                       63.802461
                19.70803                       64.153406
                19.80802                       64.504828
                19.90801                       64.856728
                  20.008                       65.209111
                20.10799                        65.56198
                20.20798                       65.915337
                20.30797                       66.269187
                20.40796                       66.623532
                20.50795                       66.978376
                20.60794                       67.333723
                20.70793                       67.689575
                20.80792                       68.045936
                20.90791                        68.40281
                 21.0079                         68.7602
                21.10789                        69.11811
                21.20788                       69.476542
                21.30787                       69.835501
                21.40786                        70.19499
                21.50785                       70.555012
                21.60784                       70.915571
                21.70783                       71.276671
                21.80782                       71.638315
                21.90781                       72.000506
                 22.0078                       72.363249
                22.10779                       72.726547
                22.20778                       73.090403
                22.30777                       73.454822
                22.40776                       73.819806
                22.50775                        74.18536
                22.60774                       74.551487
                22.70773                       74.918192
                22.80772                       75.285477
                22.90771                       75.653347
                 23.0077                       76.021805
                23.10769                       76.390855
                23.20768                       76.760501
                23.30767                       77.130747
                23.40766                       77.501597
                23.50765                       77.873054
                23.60764                       78.245122
                23.70763                       78.617806
                23.80762                        78.99111
                23.90761                       79.365036
                 24.0076                        79.73959
                24.10759                       80.114775
                24.20758                       80.490596
                24.30757                       80.867055
                24.40756                       81.244159
                24.50755                       81.621909
                24.60754                       82.000311
                24.70753                       82.379369
                24.80752                       82.759086
                24.90751                       83.139468
                      25                       83.491913
                 25.0075                       83.520583
                25.10749                       83.903388
                25.20748                        84.28688
                25.30747                       84.671063
                25.40746                       85.055941
                25.50745                       85.441519
                25.60744                         85.8278
                25.70743                       86.214789
                25.80742                       86.602491
                25.90741                        86.99091
                 26.0074                        87.38005
                26.10739                       87.769917
                26.20738                       88.160513
                26.30737                       88.551845
                26.40736                       88.943916
                26.50735                       89.336731
                26.60734                       89.730294
                26.70733                       90.124611
                26.80732                       90.519686
                26.90731                       90.915523
                 27.0073                       91.312128
                27.10729                       91.709504
                27.20728                       92.107657
                27.30727                       92.506592
                27.40726                       92.906313
                27.50725                       93.306825
                27.60724                       93.708132
                27.70723                       94.110241
                27.80722                       94.513155
                27.90721                        94.91688
                 28.0072                       95.321421
                28.10719                       95.726782
                28.20718                       96.132969
                28.30717                       96.539987
                28.40716                        96.94784
                28.50715                       97.356534
                28.60714                       97.766074
                28.70713                       98.176465
                28.80712                       98.587713
                28.90711                       98.999822
                 29.0071                       99.412798
                29.10709                       99.826646
                29.20708                       100.24137
                29.30707                       100.65698
                29.40706                       101.07348
                29.50705                       101.49087
                29.60704                       101.90915
                29.70703                       102.32835
                29.80702                       102.74845
                29.90701                       103.16947
                  30.007                       103.59141
                30.10699                       104.01428
                30.20698                       104.43808
                30.30697                       104.86281
                30.40696                       105.28849
                30.50695                       105.71512
                30.60694                       106.14271
                30.70693                       106.57126
                30.80692                       107.00077
                30.90691                       107.43126
                 31.0069                       107.86272
                31.10689                       108.29517
                31.20688                       108.72861
                31.30687                       109.16305
                31.40686                       109.59849
                31.50685                       110.03494
                31.60684                        110.4724
                31.70683                       110.91088
                31.80682                        111.3504
                31.90681                       111.79094
                 32.0068                       112.23253
                32.10679                       112.67516
                32.20678                       113.11885
                32.30677                       113.56359
                32.40676                        114.0094
                32.50675                       114.45628
                32.60674                       114.90424
                32.70673                       115.35329
                32.80672                       115.80342
                32.90671                       116.25466
                 33.0067                         116.707
                33.10669                       117.16045
                33.20668                       117.61503
                33.30667                       118.07072
                33.40666                       118.52755
                33.50665                       118.98552
                33.60664                       119.44464
                33.70663                       119.90491
                33.80662                       120.36634
                33.90661                       120.82894
                 34.0066                       121.29271
                34.10659                       121.75766
                34.20658                       122.22381
                34.30657                       122.69115
                34.40656                       123.15969
                34.50655                       123.62944
                34.60654                       124.10042
                34.70653                       124.57262
                34.80652                       125.04605
                34.90651                       125.52073
                 35.0065                       125.99666
                35.10649                       126.47384
                35.20648                       126.95228
                35.30647                         127.432
                35.40646                         127.913
                35.50645                       128.39529
                35.60644                       128.87887
                35.70643                       129.36376
                35.80642                       129.84996
                35.90641                       130.33748
                 36.0064                       130.82633
                36.10639                       131.31652
                36.20638                       131.80805
                36.30637                       132.30094
                36.40636                       132.79519
                36.50635                       133.29081
                36.60634                        133.7878
                36.70633                       134.28619
                36.80632                       134.78597
                36.90631                       135.28716
                 37.0063                       135.78976
                37.10629                       136.29379
                37.20628                       136.79924
                37.30627                       137.30614
                37.40626                       137.81449
                37.50625                        138.3243
                37.60624                       138.83557
                37.70623                       139.34832
                37.80622                       139.86256
                37.90621                        140.3783
                 38.0062                       140.89554
                38.10619                       141.41429
                38.20618                       141.93458
                38.30617                       142.45639
                38.40616                       142.97975
                38.50615                       143.50467
                38.60614                       144.03114
                38.70613                        144.5592
                38.80612                       145.08883
                38.90611                       145.62006
                 39.0061                        146.1529
                39.10609                       146.68735
                39.20608                       147.22342
                39.30607                       147.76113
                39.40606                       148.30049
                39.50605                        148.8415
                39.60604                       149.38418
                39.70603                       149.92853
                39.80602                       150.47458
                39.90601                       151.02232
                  40.006                       151.57178
                40.10599                       152.12296
                40.20598                       152.67587
                40.30597                       153.23052
                40.40596                       153.78693
                40.50595                       154.34511
                40.60594                       154.90507
                40.70593                       155.46681
                40.80592                       156.03036
                40.90591                       156.59572
                 41.0059                       157.16291
                41.10589                       157.73193
                41.20588                       158.30281
                41.30587                       158.87554
                41.40586                       159.45015
                41.50585                       160.02665
                41.60584                       160.60504
                41.70583                       161.18534
                41.80582                       161.76757
                41.90581                       162.35174
                 42.0058                       162.93786
                42.10579                       163.52594
                42.20578                       164.11599
                42.30577                       164.70803
                42.40576                       165.30208
                42.50575                       165.89814
                42.60574                       166.49623
                42.70573                       167.09636
                42.80572                       167.69855
                42.90571                       168.30281
                 43.0057                       168.90916
                43.10569                        169.5176
                43.20568                       170.12816
                43.30567                       170.74084
                43.40566                       171.35566
                43.50565                       171.97264
                43.60564                       172.59179
                43.70563                       173.21312
                43.80562                       173.83666
                43.90561                       174.46241
                 44.0056                       175.09039
                44.10559                       175.72061
                44.20558                        176.3531
                44.30557                       176.98786
                44.40556                       177.62491
                44.50555                       178.26427
                44.60554                       178.90596
                44.70553                       179.54998
                44.80552                       180.19636
                44.90551                       180.84512
                 45.0055                       181.49626
                45.10549                        182.1498
                45.20548                       182.80577
                45.30547                       183.46418
                45.40546                       184.12504
                45.50545                       184.78837
                45.60544                       185.45419
                45.70543                       186.12252
                45.80542                       186.79337
                45.90541                       187.46677
                 46.0054                       188.14272
                46.10539                       188.82125
                46.20538                       189.50238
                46.30537                       190.18612
                46.40536                       190.87249
                46.50535                       191.56151
                46.60534                        192.2532
                46.70533                       192.94758
                46.80532                       193.64466
                46.90531                       194.34446
                 47.0053                       195.04701
                47.10529                       195.75233
                47.20528                       196.46042
                47.30527                       197.17132
                47.40526                       197.88504
                47.50525                       198.60159
                47.60524                       199.32101
                47.70523                       200.04331
                47.80522                       200.76851
                47.90521                       201.49664
                 48.0052                        202.2277
                48.10519                       202.96173
                48.20518                       203.69874
                48.30517                       204.43875
                48.40516                       205.18179
                48.50515                       205.92787
                48.60514                       206.67703
                48.70513                       207.42927
                48.80512                       208.18463
                48.90511                       208.94312
                 49.0051                       209.70476
                49.10509                       210.46958
                49.20508                       211.23761
                49.30507                       212.00886
                49.40506                       212.78335
                49.50505                       213.56112
                49.60504                       214.34218
                49.70503                       215.12656
                49.80502                       215.91429
                49.90501                       216.70538
                      50                       217.46006
                  50.005                       217.49988
                50.10499                       218.29816
                50.20498                       219.09989
                50.30497                       219.90509
                50.40496                       220.71379
                50.50495                       221.52601
                50.60494                       222.34179
                50.70493                       223.16114
                50.80492                       223.98411
                50.90491                        224.8107
                 51.0049                       225.64097
                51.10489                       226.47492
                51.20488                        227.3126
                51.30487                       228.15402
                51.40486                       228.99923
                51.50485                       229.84825
                51.60484                       230.70111
                51.70483                       231.55784
                51.80482                       232.41848
                51.90481                       233.28306
                 52.0048                        234.1516
                52.10479                       235.02415
                52.20478                       235.90073
                52.30477                       236.78138
                52.40476                       237.66613
                52.50475                       238.55501
                52.60474                       239.44807
                52.70473                       240.34533
                52.80472                       241.24682
                52.90471                        242.1526
                 53.0047                       243.06269
                53.10469                       243.97712
                53.20468                       244.89594
                53.30467                       245.81918
                53.40466                       246.74687
                53.50465                       247.67907
                53.60464                       248.61579
                53.70463                       249.55709
                53.80462                       250.50301
                53.90461                       251.45357
                 54.0046                       252.40882
                54.10459                        253.3688
                54.20458                       254.33356
                54.30457                       255.30312
                54.40456                       256.27754
                54.50455                       257.25685
                54.60454                        258.2411
                54.70453                       259.23032
                54.80452                       260.22457
                54.90451                       261.22388
                 55.0045                        262.2283
                55.10449                       263.23787
                55.20448                       264.25264
                55.30447                       265.27265
                55.40446                       266.29794
                55.50445                       267.32857
                55.60444                       268.36458
                55.70443                       269.40602
                55.80442                       270.45293
                55.90441                       271.50537
                 56.0044                       272.56337
                56.10439                         273.627
                56.20438                       274.69629
                56.30437                       275.77131
                56.40436                       276.85209
                56.50435                        277.9387
                56.60434                       279.03118
                56.70433                       280.12959
                56.80432                       281.23398
                56.90431                        282.3444
                 57.0043                       283.46091
                57.10429                       284.58356
                57.20428                       285.71241
                57.30427                       286.84752
                57.40426                       287.98894
                57.50425                       289.13672
                57.60424                       290.29093
                57.70423                       291.45163
                57.80422                       292.61888
                57.90421                       293.79273
                 58.0042                       294.97325
                58.10419                        296.1605
                58.20418                       297.35455
                58.30417                       298.55544
                58.40416                       299.76326
                58.50415                       300.97806
                58.60414                       302.19992
                58.70413                       303.42889
                58.80412                       304.66505
                58.90411                       305.90846
                 59.0041                       307.15919
                59.10409                       308.41731
                59.20408                        309.6829
                59.30407                       310.95602
                59.40406                       312.23676
                59.50405                       313.52517
                59.60404                       314.82134
                59.70403                       316.12534
                59.80402                       317.43725
                59.90401                       318.75714
                  60.004                        320.0851
                60.10399                        321.4212
                60.20398                       322.76553
                60.30397                       324.11816
                60.40396                       325.47918
                60.50395                       326.84868
                60.60394                       328.22673
                60.70393                       329.61343
                60.80392                       331.00886
                60.90391                        332.4131
                 61.0039                       333.82626
                61.10389                       335.24842
                61.20388                       336.67966
                61.30387                        338.1201
                61.40386                       339.56981
                61.50385                       341.02889
                61.60384                       342.49745
                61.70383                       343.97558
                61.80382                       345.46339
                61.90381                       346.96096
                 62.0038                       348.46841
                62.10379                       349.98583
                62.20378                       351.51335
                62.30377                       353.05105
                62.40376                       354.59905
                62.50375                       356.15746
                62.60374                       357.72639
                62.70373                       359.30596
                62.80372                       360.89628
                62.90371                       362.49746
                 63.0037                       364.10963
                63.10369                        365.7329
                63.20368                       367.36739
                63.30367                       369.01323
                63.40366                       370.67055
                63.50365                       372.33947
                63.60364                       374.02012
                63.70363                       375.71263
                63.80362                       377.41713
                63.90361                       379.13376
                 64.0036                       380.86265
                64.10359                       382.60395
                64.20358                       384.35779
                64.30357                       386.12431
                64.40356                       387.90367
                64.50355                       389.69601
                64.60354                       391.50148
                64.70353                       393.32023
                64.80352                       395.15241
                64.90351                       396.99818
                 65.0035                       398.85771
                65.10349                       400.73115
                65.20348                       402.61866
                65.30347                       404.52041
                65.40346                       406.43658
                65.50345                       408.36733
                65.60344                       410.31284
                65.70343                       412.27329
                65.80342                       414.24885
                65.90341                       416.23971
                 66.0034                       418.24606
                66.10339                       420.26808
                66.20338                       422.30596
                66.30337                       424.35991
                66.40336                       426.43012
                66.50335                       428.51679
                66.60334                       430.62013
                66.70333                       432.74035
                66.80332                       434.87765
                66.90331                       437.03226
                 67.0033                       439.20439
                67.10329                       441.39426
                67.20328                       443.60211
                67.30327                       445.82816
                67.40326                       448.07265
                67.50325                       450.33581
                67.60324                        452.6179
                67.70323                       454.91915
                67.80322                       457.23981
                67.90321                       459.58015
                 68.0032                       461.94042
                68.10319                       464.32089
                68.20318                       466.72182
                68.30317                        469.1435
                68.40316                        471.5862
                68.50315                       474.05019
                68.60314                       476.53578
                68.70313                       479.04326
                68.80312                       481.57293
                68.90311                       484.12509
                 69.0031                       486.70005
                69.10309                       489.29813
                69.20308                       491.91965
                69.30307                       494.56494
                69.40306                       497.23434
                69.50305                       499.92818
                69.60304                       502.64682
                69.70303                        505.3906
                69.80302                       508.15989
                69.90301                       510.95506
                  70.003                       513.77648
                70.10299                       516.62453
                70.20298                        519.4996
                70.30297                       522.40209
                70.40296                        525.3324
                70.50295                       528.29095
                70.60294                       531.27815
                70.70293                       534.29444
                70.80292                       537.34025
                70.90291                       540.41604
                 71.0029                       543.52225
                71.10289                       546.65935
                71.20288                       549.82782
                71.30287                       553.02814
                71.40286                        556.2608
                71.50285                       559.52631
                71.60284                       562.82518
                71.70283                       566.15795
                71.80282                       569.52514
                71.90281                       572.92731
                 72.0028                       576.36501
                72.10279                       579.83881
                72.20278                       583.34931
                72.30277                        586.8971
                72.40276                       590.48278
                72.50275                       594.10699
                72.60274                       597.77036
                72.70273                       601.47353
                72.80272                       605.21718
                72.90271                       609.00199
                 73.0027                       612.82864
                73.10269                       616.69786
                73.20268                       620.61037
                73.30267                       624.56692
                73.40266                       628.56826
                73.50265                       632.61518
                73.60264                       636.70848
                73.70263                       640.84896
                73.80262                       645.03746
                73.90261                       649.27485
                 74.0026                       653.56199
                74.10259                       657.89979
                74.20258                       662.28915
                74.30257                       666.73103
                74.40256                       671.22637
                74.50255                       675.77618
                74.60254                       680.38146
                74.70253                       685.04325
                74.80252                       689.76262
                74.90251                       694.54064
                 75.0025                       699.37844
                75.10249                       704.27752
                75.20248                        709.2387
                75.30247                       714.26319
                75.40246                       719.35222
                75.50245                       724.50707
                75.60244                       729.72904
                75.70243                       735.01946
                75.80242                       740.37971
                75.90241                        745.8112
                 76.0024                       751.31537
                76.10239                       756.89372
                76.20238                       762.54776
                76.30237                       768.27908
                76.40236                       774.08928
                76.50235                       779.98003
                76.60234                       785.95303
                76.70233                       792.01004
                76.80232                       798.15285
                76.90231                       804.38334
                 77.0023                        810.7034
                77.10229                       817.11501
                77.20228                       823.62019
                77.30227                       830.22103
                77.40226                       836.91967
                77.50225                       843.71833
                77.60224                       850.61928
                77.70223                       857.62487
                77.80222                       864.73753
                77.90221                       871.95974
                 78.0022                        879.2941
                78.10219                       886.74324
                78.20218                       894.30991
                78.30217                       901.99695
                78.40216                       909.80726
                78.50215                       917.74386
                78.60214                       925.80988
                78.70213                       934.00851
                78.80212                        942.3431
                78.90211                       950.81707
                 79.0021                       959.43397
                79.10209                       968.19749
                79.20208                       977.11142
                79.30207                        986.1797
                79.40206                        995.4064
                79.50205                       1004.7957
                79.60204                       1014.3521
                79.70203                       1024.0799
                79.80202                        1033.984
                79.90201                       1044.0692
                  80.002                       1054.3404
                80.10199                       1064.8031
                80.20198                       1075.4625
                80.30197                       1086.3243
                80.40196                       1097.3945
                80.50195                       1108.6789
                80.60194                       1120.1841
                80.70193                       1131.9165
                80.80192                       1143.8829
                80.90191                       1156.0906
                 81.0019                       1168.5468
                81.10189                       1181.2594
                81.20188                       1194.2363
                81.30187                       1207.4859
                81.40186                       1221.0169
                81.50185                       1234.8384
                81.60184                       1248.9599
                81.70183                       1263.3914
                81.80182                       1278.1431
                81.90181                        1293.226
                 82.0018                       1308.6512
                82.10179                       1324.4307
                82.20178                       1340.5769
                82.30177                       1357.1027
                82.40176                       1374.0216
                82.50175                        1391.348
                82.60174                       1409.0968
                82.70173                       1427.2837
                82.80172                        1445.925
                82.90171                       1465.0382
                 83.0017                       1484.6414
                83.10169                       1504.7537
                83.20168                       1525.3952
                83.30167                       1546.5873
                83.40166                       1568.3521
                83.50165                       1590.7134
                83.60164                        1613.696
                83.70163                       1637.3263
                83.80162                       1661.6319
                83.90161                       1686.6424
                 84.0016                       1712.3889
                84.10159                       1738.9043
                84.20158                       1766.2238
                84.30157                       1794.3844
                84.40156                       1823.4256
                84.50155                       1853.3894
                84.60154                       1884.3205
                84.70153                       1916.2666
                84.80152                       1949.2784
                84.90151                       1983.4102
                 85.0015                       2018.7198
                85.10149                       2055.2695
                85.20148                       2093.1255
                85.30147                       2132.3593
                85.40146                       2173.0473
                85.50145                       2215.2718
                85.60144                       2259.1216
                85.70143                       2304.6921
                85.80142                       2352.0864
                85.90141                       2401.4163
                 86.0014                       2452.8025
                86.10139                       2506.3761
                86.20138                       2562.2795
                86.30137                       2620.6677
                86.40136                       2681.7098
                86.50135                       2745.5903
                86.60134                       2812.5114
                86.70133                       2882.6948
                86.80132                       2956.3842
                86.90131                       3033.8479
                 87.0013                       3115.3825
                87.10129                        3201.316
                87.20128                       3292.0128
                87.30127                        3387.878
                87.40126                       3489.3639
                87.50125                        3596.977
                87.60124                       3711.2858
                87.70123                        3832.931
                87.80122                       3962.6369
                87.90121                       4101.2258
                 88.0012                       4249.6344
                88.10119                       4408.9348
                88.20118                       4580.3591
                88.30117                       4765.3303
                88.40116                       4965.5002
                88.50115                       5182.7967
                88.60114                       5419.4824
                88.70113                       5678.2301
                88.80112                       5962.2172
                88.90111                       6275.2483
                 89.0011                       6621.9137
                89.10109                       7007.7961
                89.20108                       7439.7444
                89.30107                       7926.2381
                89.40106                        8477.877
                89.50105                       9108.0443
                89.60104                       9833.8084
                89.70103                        10677.15
                89.80102                       11666.608
                89.90101                       12839.425
                  90.001                       14244.091
                90.10099                       15942.621
                90.20098                        18010.13
                90.30097                       20524.265
                90.40096                       23524.814
                90.50095                       26902.268
                90.60094                       30180.289
                90.70093                        32358.29
                90.80092                       32394.482
                90.90091                       30273.362
                 91.0009                       27023.539
                91.10089                       23654.216
                91.20088                       20652.779
                91.30087                       18134.867
                91.40086                       16063.186
                91.50085                       14360.911
                91.60084                       12953.107
                91.70083                       11777.723
                91.80082                       10786.178
                91.90081                       9941.1389
                 92.0008                       9213.9855
                92.10079                       8582.6724
                92.20078                       8030.0807
                92.30077                       7542.7885
                92.40076                       7110.1656
                92.50075                       6723.7093
                92.60074                       6376.5521
                92.70073                       6063.0967
                92.80072                       5778.7414
                92.90071                       5519.6725
                 93.0007                       5282.7048
                93.10069                       5065.1598
                93.20068                       4864.7697
                93.30067                       4679.6027
                93.40066                       4508.0035
                93.50065                       4348.5464
                93.60064                       4199.9968
                93.70063                       4061.2808
                93.80062                       3931.4597
                93.90061                         3809.71
                 94.0006                       3695.3062
                94.10059                       3587.6063
                94.20058                       3486.0411
                94.30057                       3390.1032
                94.40056                       3299.3398
                94.50055                       3213.3448
                94.60054                       3131.7537
                94.70053                       3054.2378
                94.80052                       2980.5002
                94.90051                       2910.2721
                 95.0005                       2843.3096
                95.10049                       2779.3907
                95.20048                       2718.3129
                95.30047                       2659.8915
                95.40046                       2603.9572
                95.50045                       2550.3548
                95.60044                       2498.9417
                95.70043                       2449.5868
                95.80042                        2402.169
                95.90041                       2356.5766
                 96.0004                       2312.7065
                96.10039                       2270.4628
                96.20038                       2229.7569
                96.30037                       2190.5065
                96.40036                       2152.6347
                96.50035                       2116.0705
                96.60034                       2080.7471
                96.70033                       2046.6025
                96.80032                       2013.5787
                96.90031                       1981.6214
                 97.0003                       1950.6798
                97.10029                       1920.7062
                97.20028                       1891.6559
                97.30027                       1863.4868
                97.40026                       1836.1594
                97.50025                       1809.6366
                97.60024                       1783.8833
                97.70023                       1758.8664
                97.80022                       1734.5549
                97.90021                       1710.9192
                 98.0002                       1687.9316
                98.10019                       1665.5657
                98.20018                       1643.7967
                98.30017                       1622.6008
                98.40016                       1601.9557
                98.50015                       1581.8403
                98.60014                       1562.2343
                98.70013                       1543.1187
                98.80012                       1524.4751
                98.90011                       1506.2864
                 99.0001                       1488.5359
                99.10009                       1471.2082
                99.20008                       1454.2881
                99.30007                       1437.7615
                99.40006                       1421.6147
                99.50005                       1405.8348
                99.60004                       1390.4093
                99.70003                       1375.3265
                99.80002                        1360.575
                99.90001                        1346.144
                     100                       1332.0231

