        Frequency / MHz                Z1,1/abs,linear
----------------------------------------------------------------------
                    0.01                     0.025633351
                 0.10999                      0.36670653
                 0.20998                      0.70513263
                 0.30997                        1.040769
                 0.40996                       1.3734679
                 0.50995                       1.7030938
                 0.60994                        2.029538
                 0.70993                       2.3527299
                 0.80992                       2.6726411
                 0.90991                       2.9892837
                  1.0099                       3.3027027
                 1.10989                       3.6129652
                 1.20988                       3.9201496
                 1.30987                       4.2243368
                 1.40986                       4.5256038
                 1.50985                       4.8240193
                 1.60984                       5.1196425
                 1.70983                       5.4125225
                 1.80982                       5.7026987
                 1.90981                       5.9902023
                  2.0098                       6.2750573
                 2.10979                       6.5572818
                 2.20978                       6.8368892
                 2.30977                       7.1441787
                 2.40976                       7.4514799
                 2.50975                       7.7587987
                 2.60974                       8.0661392
                 2.70973                       8.3735045
                 2.80972                       8.6808968
                 2.90971                       8.9883178
                  3.0097                       9.2957686
                 3.10969                       9.6032501
                 3.20968                       9.9107631
                 3.30967                       10.218308
                 3.40966                       10.525886
                 3.50965                       10.833497
                 3.60964                       11.141143
                 3.70963                       11.448822
                 3.80962                       11.756537
                 3.90961                       12.064288
                  4.0096                       12.372076
                 4.10959                       12.679901
                 4.20958                       12.987765
                 4.30957                       13.295669
                 4.40956                       13.603613
                 4.50955                         13.9116
                 4.60954                        14.21963
                 4.70953                       14.527705
                 4.80952                       14.835826
                 4.90951                       15.143994
                  5.0095                       15.452211
                 5.10949                       15.760479
                 5.20948                       16.068799
                 5.30947                       16.377173
                 5.40946                       16.685602
                 5.50945                       16.995539
                 5.60944                       17.305589
                 5.70943                       17.615752
                 5.80942                       17.926031
                 5.90941                       18.236428
                  6.0094                       18.546944
                 6.10939                       18.857581
                 6.20938                       19.168342
                 6.30937                       19.479228
                 6.40936                       19.790241
                 6.50935                       20.101384
                 6.60934                       20.412658
                 6.70933                       20.724066
                 6.80932                        21.03561
                 6.90931                       21.347291
                  7.0093                       21.659112
                 7.10929                       21.971076
                 7.20928                       22.283183
                 7.30927                       22.595437
                 7.40926                       22.907839
                 7.50925                       23.220392
                 7.60924                       23.533098
                 7.70923                       23.845959
                 7.80922                       24.158978
                 7.90921                       24.472156
                  8.0092                       24.785496
                 8.10919                       25.099001
                 8.20918                       25.412672
                 8.30917                       25.726511
                 8.40916                       26.040522
                 8.50915                       26.354706
                 8.60914                       26.669066
                 8.70913                       26.983604
                 8.80912                       27.298322
                 8.90911                       27.613222
                  9.0091                       27.928308
                 9.10909                       28.243581
                 9.20908                       28.559044
                 9.30907                       28.874699
                 9.40906                       29.190549
                 9.50905                       29.506595
                 9.60904                       29.822841
                 9.70903                       30.139288
                 9.80902                        30.45594
                 9.90901                       30.772798
                  10.009                       31.089865
                10.10899                       31.407144
                10.20898                       31.724636
                10.30897                       32.042345
                10.40896                       32.360272
                10.50895                       32.678421
                10.60894                       32.996793
                10.70893                       33.315392
                10.80892                       33.634219
                10.90891                       33.953278
                 11.0089                        34.27257
                11.10889                       34.592098
                11.20888                       34.911865
                11.30887                       35.231874
                11.40886                       35.552126
                11.50885                       35.872624
                11.60884                       36.193371
                11.70883                        36.51437
                11.80882                       36.835623
                11.90881                       37.157132
                 12.0088                       37.478901
                12.10879                       37.800931
                12.20878                       38.123225
                12.30877                       38.445787
                12.40876                       38.768617
                12.50875                       39.091721
                12.60874                       39.415098
                12.70873                       39.738754
                12.80872                       40.062689
                12.90871                       40.386907
                 13.0087                       40.711411
                13.10869                       41.036202
                13.20868                       41.361284
                13.30867                        41.68666
                13.40866                       42.012332
                13.50865                       42.338302
                13.60864                       42.664574
                13.70863                        42.99115
                13.80862                       43.318034
                13.90861                       43.645227
                 14.0086                       43.972732
                14.10859                       44.300552
                14.20858                       44.628691
                14.30857                        44.95715
                14.40856                       45.285933
                14.50855                       45.615042
                14.60854                        45.94448
                14.70853                        46.27425
                14.80852                       46.604355
                14.90851                       46.934797
                 15.0085                        47.26558
                15.10849                       47.596706
                15.20848                       47.928178
                15.30847                       48.259999
                15.40846                       48.592171
                15.50845                       48.924699
                15.60844                       49.257584
                15.70843                        49.59083
                15.80842                       49.924439
                15.90841                       50.258415
                 16.0084                        50.59276
                16.10839                       50.927477
                16.20838                       51.262569
                16.30837                        51.59804
                16.40836                       51.933892
                16.50835                       52.270127
                16.60834                       52.606751
                16.70833                       52.943764
                16.80832                        53.28117
                16.90831                       53.618973
                 17.0083                       53.957175
                17.10829                        54.29578
                17.20828                        54.63479
                17.30827                       54.974208
                17.40826                       55.314038
                17.50825                       55.654283
                17.60824                       55.994946
                17.70823                        56.33603
                17.80822                       56.677537
                17.90821                       57.019472
                 18.0082                       57.361838
                18.10819                       57.704637
                18.20818                       58.047873
                18.30817                       58.391549
                18.40816                       58.735668
                18.50815                       59.080234
                18.60814                        59.42525
                18.70813                       59.770718
                18.80812                       60.116643
                18.90811                       60.463028
                 19.0081                       60.809875
                19.10809                       61.157188
                19.20808                       61.504971
                19.30807                       61.853227
                19.40806                       62.201959
                19.50805                       62.551171
                19.60804                       62.900865
                19.70803                       63.251046
                19.80802                       63.601717
                19.90801                       63.952881
                  20.008                       64.304541
                20.10799                       64.656702
                20.20798                       65.009366
                20.30797                       65.362537
                20.40796                       65.716219
                20.50795                       66.070415
                20.60794                       66.425129
                20.70793                       66.780364
                20.80792                       67.136123
                20.90791                       67.492411
                 21.0079                       67.849231
                21.10789                       68.206587
                21.20788                       68.564481
                21.30787                       68.922919
                21.40786                       69.281903
                21.50785                       69.641437
                21.60784                       70.001525
                21.70783                        70.36217
                21.80782                       70.723377
                21.90781                        71.08515
                 22.0078                        71.44749
                22.10779                       71.810404
                22.20778                       72.173894
                22.30777                       72.537964
                22.40776                       72.902619
                22.50775                       73.267861
                22.60774                       73.633696
                22.70773                       74.000126
                22.80772                       74.367156
                22.90771                       74.734789
                 23.0077                        75.10303
                23.10769                       75.471883
                23.20768                       75.841351
                23.30767                       76.211438
                23.40766                       76.582149
                23.50765                       76.953488
                23.60764                       77.325459
                23.70763                       77.698065
                23.80762                       78.071312
                23.90761                       78.445202
                 24.0076                       78.819741
                24.10759                       79.194932
                24.20758                       79.570779
                24.30757                       79.947288
                24.40756                       80.324461
                24.50755                       80.702304
                24.60754                       81.080821
                24.70753                       81.460015
                24.80752                       81.839892
                24.90751                       82.220455
                      25                       82.573088
                 25.0075                       82.601775
                25.10749                       82.984764
                25.20748                       83.368462
                25.30747                       83.752873
                25.40746                       84.138004
                25.50745                       84.523857
                25.60744                       84.910437
                25.70743                        85.29775
                25.80742                       85.685799
                25.90741                        86.07459
                 26.0074                       86.464126
                26.10739                       86.854413
                26.20738                       87.245456
                26.30737                       87.637258
                26.40736                       88.029825
                26.50735                       88.423161
                26.60734                       88.817272
                26.70733                       89.212162
                26.80732                       89.607836
                26.90731                       90.004299
                 27.0073                       90.401556
                27.10729                       90.799611
                27.20728                        91.19847
                27.30727                       91.598137
                27.40726                       91.998619
                27.50725                       92.399919
                27.60724                       92.802043
                27.70723                       93.204996
                27.80722                       93.608783
                27.90721                       94.013409
                 28.0072                       94.418879
                28.10719                       94.825199
                28.20718                       95.232374
                28.30717                        95.64041
                28.40716                       96.049311
                28.50715                       96.459082
                28.60714                        96.86973
                28.70713                        97.28126
                28.80712                       97.693676
                28.90711                       98.106986
                 29.0071                       98.521193
                29.10709                       98.936304
                29.20708                       99.352324
                29.30707                       99.769259
                29.40706                       100.18711
                29.50705                        100.6059
                29.60704                       101.02561
                29.70703                       101.44626
                29.80702                       101.86785
                29.90701                        102.2904
                  30.007                        102.7139
                30.10699                       103.13836
                30.20698                       103.56378
                30.30697                       103.99018
                30.40696                       104.41756
                30.50695                       104.84592
                30.60694                       105.27527
                30.70693                       105.70562
                30.80692                       106.13698
                30.90691                       106.56934
                 31.0069                       107.00272
                31.10689                       107.43712
                31.20688                       107.87255
                31.30687                       108.30901
                31.40686                       108.74652
                31.50685                       109.18507
                31.60684                       109.62467
                31.70683                       110.06534
                31.80682                       110.50707
                31.90681                       110.94987
                 32.0068                       111.39376
                32.10679                       111.83873
                32.20678                        112.2848
                32.30677                       112.73196
                32.40676                       113.18023
                32.50675                       113.62962
                32.60674                       114.08013
                32.70673                       114.53176
                32.80672                       114.98453
                32.90671                       115.43844
                 33.0067                        115.8935
                33.10669                       116.34972
                33.20668                       116.80709
                33.30667                       117.26564
                33.40666                       117.72537
                33.50665                       118.18628
                33.60664                       118.64838
                33.70663                       119.11169
                33.80662                        119.5762
                33.90661                       120.04192
                 34.0066                       120.50887
                34.10659                       120.97705
                34.20658                       121.44646
                34.30657                       121.91712
                34.40656                       122.38903
                34.50655                        122.8622
                34.60654                       123.33665
                34.70653                       123.81237
                34.80652                       124.28937
                34.90651                       124.76766
                 35.0065                       125.24726
                35.10649                       125.72817
                35.20648                       126.21039
                35.30647                       126.69394
                35.40646                       127.17882
                35.50645                       127.66504
                35.60644                       128.15262
                35.70643                       128.64155
                35.80642                       129.13185
                35.90641                       129.62353
                 36.0064                       130.11659
                36.10639                       130.61105
                36.20638                       131.10691
                36.30637                       131.60418
                36.40636                       132.10287
                36.50635                       132.60299
                36.60634                       133.10455
                36.70633                       133.60756
                36.80632                       134.11202
                36.90631                       134.61795
                 37.0063                       135.12536
                37.10629                       135.63425
                37.20628                       136.14463
                37.30627                       136.65652
                37.40626                       137.16992
                37.50625                       137.68484
                37.60624                        138.2013
                37.70623                        138.7193
                37.80622                       139.23886
                37.90621                       139.75997
                 38.0062                       140.28266
                38.10619                       140.80693
                38.20618                        141.3328
                38.30617                       141.86027
                38.40616                       142.38935
                38.50615                       142.92006
                38.60614                        143.4524
                38.70613                       143.98638
                38.80612                       144.52202
                38.90611                       145.05933
                 39.0061                       145.59832
                39.10609                         146.139
                39.20608                       146.68137
                39.30607                       147.22546
                39.40606                       147.77126
                39.50605                        148.3188
                39.60604                       148.86809
                39.70603                       149.41913
                39.80602                       149.97193
                39.90601                       150.52652
                  40.006                        151.0829
                40.10599                       151.64108
                40.20598                       152.20107
                40.30597                       152.76289
                40.40596                       153.32655
                40.50595                       153.89206
                40.60594                       154.45944
                40.70593                       155.02869
                40.80592                       155.59982
                40.90591                       156.17286
                 41.0059                       156.74781
                41.10589                       157.32468
                41.20588                        157.9035
                41.30587                       158.48426
                41.40586                         159.067
                41.50585                        159.6517
                41.60584                        160.2384
                41.70583                       160.82711
                41.80582                       161.41783
                41.90581                       162.01059
                 42.0058                       162.60539
                42.10579                       163.20225
                42.20578                       163.80118
                42.30577                        164.4022
                42.40576                       165.00533
                42.50575                       165.61057
                42.60574                       166.21794
                42.70573                       166.82745
                42.80572                       167.43913
                42.90571                       168.05298
                 43.0057                       168.66901
                43.10569                       169.28726
                43.20568                       169.90772
                43.30567                       170.53042
                43.40566                       171.15537
                43.50565                       171.78258
                43.60564                       172.41208
                43.70563                       173.04387
                43.80562                       173.67798
                43.90561                       174.31442
                 44.0056                        174.9532
                44.10559                       175.59435
                44.20558                       176.23788
                44.30557                        176.8838
                44.40556                       177.53213
                44.50555                       178.18289
                44.60554                        178.8361
                44.70553                       179.49178
                44.80552                       180.14993
                44.90551                       180.81058
                 45.0055                       181.47375
                45.10549                       182.13946
                45.20548                       182.80771
                45.30547                       183.47854
                45.40546                       184.15196
                45.50545                       184.82798
                45.60544                       185.50663
                45.70543                       186.18793
                45.80542                       186.87189
                45.90541                       187.55853
                 46.0054                       188.24788
                46.10539                       188.93994
                46.20538                       189.63476
                46.30537                       190.33233
                46.40536                       191.03268
                46.50535                       191.73584
                46.60534                       192.44182
                46.70533                       193.15064
                46.80532                       193.86233
                46.90531                        194.5769
                 47.0053                       195.29438
                47.10529                       196.01479
                47.20528                       196.73815
                47.30527                       197.46448
                47.40526                        198.1938
                47.50525                       198.92614
                47.60524                       199.66152
                47.70523                       200.39995
                47.80522                       201.14147
                47.90521                        201.8861
                 48.0052                       202.63386
                48.10519                       203.38477
                48.20518                       204.13886
                48.30517                       204.89616
                48.40516                       205.65667
                48.50515                       206.42044
                48.60514                       207.18748
                48.70513                       207.95783
                48.80512                        208.7315
                48.90511                       209.50851
                 49.0051                       210.28891
                49.10509                        211.0727
                49.20508                       211.85993
                49.30507                       212.65061
                49.40506                       213.44477
                49.50505                       214.24244
                49.60504                       215.04364
                49.70503                       215.84841
                49.80502                       216.65677
                49.90501                       217.46875
                      50                        218.2435
                  50.005                       218.28438
                50.10499                       219.10406
                50.20498                       219.92745
                50.30497                       220.75458
                50.40496                       221.58547
                50.50495                       222.42016
                50.60494                       223.25867
                50.70493                       224.10104
                50.80492                        224.9473
                50.90491                       225.79747
                 51.0049                        226.6516
                51.10489                       227.50971
                51.20488                       228.37183
                51.30487                       229.23799
                51.40486                       230.10824
                51.50485                        230.9826
                51.60484                        231.8611
                51.70483                       232.74378
                51.80482                       233.63067
                51.90481                       234.52181
                 52.0048                       235.41723
                52.10479                       236.31697
                52.20478                       237.22107
                52.30477                       238.12955
                52.40476                       239.04245
                52.50475                       239.95982
                52.60474                       240.88169
                52.70473                       241.80809
                52.80472                       242.73907
                52.90471                       243.67466
                 53.0047                        244.6149
                53.10469                       245.55983
                53.20468                       246.50949
                53.30467                       247.46392
                53.40466                       248.42316
                53.50465                       249.38726
                53.60464                       250.35624
                53.70463                       251.33016
                53.80462                       252.30906
                53.90461                       253.29298
                 54.0046                       254.28196
                54.10459                       255.27604
                54.20458                       256.27528
                54.30457                       257.27971
                54.40456                       258.28939
                54.50455                       259.30435
                54.60454                       260.32464
                54.70453                       261.35032
                54.80452                       262.38142
                54.90451                       263.41799
                 55.0045                       264.46009
                55.10449                       265.50776
                55.20448                       266.56105
                55.30447                       267.62002
                55.40446                       268.68471
                55.50445                       269.75517
                55.60444                       270.83146
                55.70443                       271.91362
                55.80442                       273.00172
                55.90441                       274.09581
                 56.0044                       275.19593
                56.10439                       276.30215
                56.20438                       277.41452
                56.30437                        278.5331
                56.40436                       279.65794
                56.50435                       280.78911
                56.60434                       281.92665
                56.70433                       283.07064
                56.80432                       284.22112
                56.90431                       285.37817
                 57.0043                       286.54184
                57.10429                       287.71219
                57.20428                       288.88929
                57.30427                        290.0732
                57.40426                       291.26399
                57.50425                       292.46172
                57.60424                       293.66645
                57.70423                       294.87826
                57.80422                       296.09721
                57.90421                       297.32338
                 58.0042                       298.55682
                58.10419                       299.79761
                58.20418                       301.04583
                58.30417                       302.30153
                58.40416                       303.56481
                58.50415                       304.83573
                58.60414                       306.11437
                58.70413                       307.40079
                58.80412                       308.69509
                58.90411                       309.99734
                 59.0041                       311.30761
                59.10409                         312.626
                59.20408                       313.95257
                59.30407                       315.28741
                59.40406                       316.63061
                59.50405                       317.98224
                59.60404                        319.3424
                59.70403                       320.71117
                59.80402                       322.08865
                59.90401                       323.47491
                  60.004                       324.87005
                60.10399                       326.27416
                60.20398                       327.68733
                60.30397                       329.10967
                60.40396                       330.54125
                60.50395                       331.98219
                60.60394                       333.43257
                60.70393                       334.89251
                60.80392                       336.36209
                60.90391                       337.84142
                 61.0039                       339.33061
                61.10389                       340.82976
                61.20388                       342.33898
                61.30387                       343.85837
                61.40386                       345.38805
                61.50385                       346.92812
                61.60384                        348.4787
                61.70383                       350.03991
                61.80382                       351.61186
                61.90381                       353.19466
                 62.0038                       354.78845
                62.10379                       356.39333
                62.20378                       358.00944
                62.30377                        359.6369
                62.40376                       361.27583
                62.50375                       362.92636
                62.60374                       364.58863
                62.70373                       366.26277
                62.80372                       367.94891
                62.90371                       369.64719
                 63.0037                       371.35775
                63.10369                       373.08072
                63.20368                       374.81626
                63.30367                        376.5645
                63.40366                       378.32561
                63.50365                       380.09971
                63.60364                       381.88697
                63.70363                       383.68755
                63.80362                       385.50159
                63.90361                       387.32926
                 64.0036                       389.17073
                64.10359                       391.02614
                64.20358                       392.89568
                64.30357                       394.77951
                64.40356                       396.67781
                64.50355                       398.59074
                64.60354                        400.5185
                64.70353                       402.46125
                64.80352                       404.41919
                64.90351                       406.39249
                 65.0035                       408.38136
                65.10349                       410.38598
                65.20348                       412.40655
                65.30347                       414.44327
                65.40346                       416.49635
                65.50345                       418.56598
                65.60344                       420.65239
                65.70343                       422.75578
                65.80342                       424.87636
                65.90341                       427.01438
                 66.0034                       429.17003
                66.10339                       431.34356
                66.20338                        433.5352
                66.30337                       435.74519
                66.40336                       437.97376
                66.50335                       440.22115
                66.60334                       442.48763
                66.70333                       444.77344
                66.80332                       447.07884
                66.90331                       449.40409
                 67.0033                       451.74947
                67.10329                       454.11524
                67.20328                       456.50168
                67.30327                       458.90907
                67.40326                        461.3377
                67.50325                       463.78786
                67.60324                       466.25986
                67.70323                       468.75399
                67.80322                       471.27056
                67.90321                        473.8099
                 68.0032                       476.37231
                68.10319                       478.95813
                68.20318                       481.56769
                68.30317                       484.20133
                68.40316                       486.85939
                68.50315                       489.54223
                68.60314                       492.25021
                68.70313                       494.98369
                68.80312                       497.74305
                68.90311                       500.52867
                 69.0031                       503.34093
                69.10309                       506.18024
                69.20308                       509.04699
                69.30307                        511.9416
                69.40306                       514.86449
                69.50305                       517.81608
                69.60304                       520.79683
                69.70303                       523.80716
                69.80302                       526.84753
                69.90301                       529.91842
                  70.003                        533.0203
                70.10299                       536.15364
                70.20298                       539.31895
                70.30297                       542.51673
                70.40296                       545.74749
                70.50295                       549.01176
                70.60294                       552.31008
                70.70293                         555.643
                70.80292                       559.01108
                70.90291                       562.41489
                 71.0029                       565.85502
                71.10289                       569.33206
                71.20288                       572.84663
                71.30287                       576.39936
                71.40286                       579.99088
                71.50285                       583.62184
                71.60284                       587.29292
                71.70283                        591.0048
                71.80282                       594.75817
                71.90281                       598.55376
                 72.0028                       602.39229
                72.10279                       606.27452
                72.20278                        610.2012
                72.30277                       614.17313
                72.40276                        618.1911
                72.50275                       622.25594
                72.60274                       626.36848
                72.70273                        630.5296
                72.80272                       634.74017
                72.90271                       639.00109
                 73.0027                        643.3133
                73.10269                       647.67773
                73.20268                       652.09537
                73.30267                       656.56721
                73.40266                       661.09426
                73.50265                       665.67759
                73.60264                       670.31825
                73.70263                       675.01736
                73.80262                       679.77604
                73.90261                       684.59546
                 74.0026                       689.47679
                74.10259                       694.42126
                74.20258                       699.43012
                74.30257                       704.50467
                74.40256                       709.64621
                74.50255                        714.8561
                74.60254                       720.13575
                74.70253                       725.48657
                74.80252                       730.91003
                74.90251                       736.40766
                 75.0025                       741.98099
                75.10249                       747.63202
                75.20248                       753.36199
                75.30247                       759.17261
                75.40246                        765.0656
                75.50245                       771.04276
                75.60244                       777.10593
                75.70243                       783.25699
                75.80242                        789.4979
                75.90241                       795.83065
                 76.0024                       802.25733
                76.10239                       808.78005
                76.20238                       815.40102
                76.30237                       822.12248
                76.40236                       828.94678
                76.50235                       835.87632
                76.60234                       842.91357
                76.70233                       850.06109
                76.80232                       857.32152
                76.90231                       864.69758
                 77.0023                       872.19209
                77.10229                       879.80795
                77.20228                       887.54815
                77.30227                        895.4158
                77.40226                       903.41409
                77.50225                       911.54634
                77.60224                       919.81598
                77.70223                       928.22653
                77.80222                       936.78166
                77.90221                       945.48517
                 78.0022                       954.34097
                78.10219                       963.35313
                78.20218                       972.52587
                78.30217                       981.86353
                78.40216                       991.37065
                78.50215                       1001.0519
                78.60214                       1010.9122
                78.70213                       1020.9565
                78.80212                         1031.19
                78.90211                       1041.6183
                 79.0021                        1052.247
                79.10209                       1063.0819
                79.20208                       1074.1291
                79.30207                       1085.3949
                79.40206                       1096.8861
                79.50205                       1108.6093
                79.60204                       1120.5718
                79.70203                        1132.781
                79.80202                       1145.2446
                79.90201                       1157.9708
                  80.002                       1170.9678
                80.10199                       1184.2447
                80.20198                       1197.8104
                80.30197                       1211.6745
                80.40196                       1225.8472
                80.50195                       1240.3388
                80.60194                       1255.1602
                80.70193                       1270.3229
                80.80192                       1285.8388
                80.90191                       1301.7205
                 81.0019                       1317.9812
                81.10189                       1334.6345
                81.20188                       1351.6949
                81.30187                       1369.1776
                81.40186                       1387.0986
                81.50185                       1405.4744
                81.60184                       1424.3227
                81.70183                       1443.6621
                81.80182                        1463.512
                81.90181                       1483.8929
                 82.0018                       1504.8264
                82.10179                       1526.3355
                82.20178                       1548.4442
                82.30177                       1571.1779
                82.40176                       1594.5636
                82.50175                       1618.6298
                82.60174                       1643.4067
                82.70173                       1668.9262
                82.80172                       1695.2222
                82.90171                       1722.3309
                 83.0017                       1750.2904
                83.10169                       1779.1415
                83.20168                       1808.9276
                83.30167                       1839.6948
                83.40166                       1871.4925
                83.50165                       1904.3732
                83.60164                       1938.3932
                83.70163                       1973.6129
                83.80162                       2010.0968
                83.90161                        2047.914
                 84.0016                        2087.139
                84.10159                       2127.8519
                84.20158                       2170.1388
                84.30157                       2214.0927
                84.40156                       2259.8139
                84.50155                        2307.411
                84.60154                       2357.0018
                84.70153                       2408.7138
                84.80152                       2462.6857
                84.90151                       2519.0688
                 85.0015                       2578.0278
                85.10149                       2639.7427
                85.20148                       2704.4107
                85.30147                       2772.2484
                85.40146                       2843.4935
                85.50145                       2918.4085
                85.60144                       2997.2829
                85.70143                       3080.4378
                85.80142                       3168.2293
                85.90141                       3261.0541
                 86.0014                       3359.3553
                86.10139                       3463.6289
                86.20138                       3574.4324
                86.30137                        3692.394
                86.40136                       3818.2248
                86.50135                       3952.7322
                86.60134                       4096.8366
                86.70133                       4251.5921
                86.80132                       4418.2109
                86.90131                       4598.0938
                 87.0013                       4792.8679
                87.10129                       5004.4334
                87.20128                       5235.0219
                87.30127                       5487.2708
                87.40126                       5764.3172
                87.50125                       6069.9193
                87.60124                       6408.6123
                87.70123                       6785.9128
                87.80122                        7208.588
                87.90121                       7685.0118
                 88.0012                       8225.6409
                88.10119                       8843.6536
                88.20118                       9555.8059
                88.30117                        10383.57
                88.40116                       11354.607
                88.50115                        12504.56
                88.60114                       13878.859
                88.70113                       15533.449
                88.80112                       17531.073
                88.90111                       19924.162
                 89.0011                       22703.651
                89.10109                       25681.092
                89.20108                       28313.957
                89.30107                       29708.374
                89.40106                       29199.725
                89.50105                       27052.006
                89.60104                       24157.527
                89.70103                       21253.973
                89.80102                       18677.382
                89.90101                       16502.694
                  90.001                       14697.579
                90.10099                       13201.101
                90.20098                       11953.452
                90.30097                       10904.387
                90.40096                       10013.979
                90.50095                       9251.1272
                90.60094                       8591.7061
                90.70093                       8016.9387
                90.80092                       7512.1115
                90.90091                        7065.597
                 91.0009                       6668.1229
                91.10089                        6312.227
                91.20088                       5991.8501
                91.30087                       5702.0298
                91.40086                       5438.6691
                91.50085                       5198.3592
                91.60084                       4978.2435
                91.70083                       4775.9121
                91.80082                       4589.3187
                91.90081                       4416.7159
                 92.0008                       4256.6027
                92.10079                       4107.6832
                92.20078                       3968.8334
                92.30077                       3839.0734
                92.40076                       3717.5455
                92.50075                       3603.4956
                92.60074                       3496.2586
                92.70073                       3395.2459
                92.80072                       3299.9333
                92.90071                       3209.8542
                 93.0007                        3124.591
                93.10069                       3043.7695
                93.20068                       2967.0528
                93.30067                       2894.1372
                93.40066                       2824.7481
                93.50065                       2758.6365
                93.60064                       2695.5764
                93.70063                       2635.3619
                93.80062                       2577.8051
                93.90061                       2522.7344
                 94.0006                       2469.9926
                94.10059                       2419.4351
                94.20058                       2370.9295
                94.30057                       2324.3535
                94.40056                       2279.5944
                94.50055                       2236.5481
                94.60054                       2195.1183
                94.70053                       2155.2158
                94.80052                       2116.7576
                94.90051                       2079.6669
                 95.0005                       2043.8721
                95.10049                       2009.3065
                95.20048                       1975.9078
                95.30047                        1943.618
                95.40046                       1912.3829
                95.50045                       1882.1515
                95.60044                       1852.8762
                95.70043                       1824.5125
                95.80042                       1797.0184
                95.90041                       1770.3545
                 96.0004                       1744.4838
                96.10039                       1719.3713
                96.20038                       1694.9843
                96.30037                       1671.2916
                96.40036                       1648.2641
                96.50035                       1625.8741
                96.60034                       1604.0955
                96.70033                       1582.9035
                96.80032                       1562.2747
                96.90031                        1542.187
                 97.0003                       1522.6193
                97.10029                       1503.5517
                97.20028                       1484.9651
                97.30027                       1466.8417
                97.40026                       1449.1642
                97.50025                       1431.9164
                97.60024                       1415.0828
                97.70023                       1398.6486
                97.80022                       1382.5998
                97.90021                       1366.9228
                 98.0002                        1351.605
                98.10019                        1336.634
                98.20018                       1321.9982
                98.30017                       1307.6865
                98.40016                       1293.6881
                98.50015                       1279.9929
                98.60014                       1266.5911
                98.70013                       1253.4734
                98.80012                       1240.6307
                98.90011                       1228.0545
                 99.0001                       1215.7366
                99.10009                        1203.669
                99.20008                       1191.8442
                99.30007                       1180.2549
                99.40006                       1168.8941
                99.50005                       1157.7551
                99.60004                       1146.8314
                99.70003                       1136.1169
                99.80002                       1125.6055
                99.90001                       1115.2916
                     100                       1105.1695

