        Frequency / MHz                Z1,1/abs,linear
----------------------------------------------------------------------
                    0.01                     0.032133543
                 0.10999                      0.52399927
                 0.20998                         1.01089
                 0.30997                       1.4928057
                 0.40996                       1.9697524
                 0.50995                       2.4417363
                 0.60994                       2.9087635
                 0.70993                       3.3708401
                 0.80992                        3.827972
                 0.90991                        4.280165
                  1.0099                        4.727425
                 1.10989                       5.1697574
                 1.20988                       5.6071677
                 1.30987                       6.0396614
                 1.40986                       6.4672437
                 1.50985                       6.8899197
                 1.60984                       7.3076945
                 1.70983                        7.720573
                 1.80982                       8.1285599
                 1.90981                       8.5316599
                  2.0098                       8.9298777
                 2.10979                       9.3232175
                 2.20978                       9.7116839
                 2.30977                       10.095281
                 2.40976                       10.474013
                 2.50975                       10.847883
                 2.60974                       11.216896
                 2.70973                       11.581056
                 2.80972                       11.940365
                 2.90971                       12.294828
                  3.0097                       12.644447
                 3.10969                       12.989227
                 3.20968                        13.32917
                 3.30967                       13.664279
                 3.40966                       13.994557
                 3.50965                       14.320007
                 3.60964                       14.640632
                 3.70963                       14.956434
                 3.80962                       15.267416
                 3.90961                       15.573579
                  4.0096                       15.874927
                 4.10959                       16.171461
                 4.20958                       16.463183
                 4.30957                       16.750095
                 4.40956                       17.032198
                 4.50955                       17.309496
                 4.60954                       17.581988
                 4.70953                       17.849676
                 4.80952                       18.112561
                 4.90951                       18.370645
                  5.0095                       18.623929
                 5.10949                       18.872413
                 5.20948                       19.116099
                 5.30947                       19.354986
                 5.40946                       19.589076
                 5.50945                       19.818369
                 5.60944                       20.042865
                 5.70943                       20.262564
                 5.80942                       20.477467
                 5.90941                       20.687573
                  6.0094                       20.892883
                 6.10939                       21.093395
                 6.20938                        21.28911
                 6.30937                       21.480026
                 6.40936                       21.666144
                 6.50935                       21.847463
                 6.60934                       22.023981
                 6.70933                       22.195698
                 6.80932                       22.362612
                 6.90931                       22.524723
                  7.0093                       22.682028
                 7.10929                       22.834527
                 7.20928                       22.982218
                 7.30927                       23.125098
                 7.40926                       23.263167
                 7.50925                       23.396423
                 7.60924                       23.713835
                 7.70923                         24.0315
                 7.80922                       24.349421
                 7.90921                       24.667602
                  8.0092                       24.986048
                 8.10919                       25.304762
                 8.20918                       25.623749
                 8.30917                       25.943012
                 8.40916                       26.262556
                 8.50915                       26.582386
                 8.60914                       26.902504
                 8.70913                       27.222916
                 8.80912                       27.543626
                 8.90911                       27.864637
                  9.0091                       28.185954
                 9.10909                       28.507581
                 9.20908                       28.829523
                 9.30907                       29.151784
                 9.40906                       29.474367
                 9.50905                       29.797278
                 9.60904                        30.12052
                 9.70903                       30.444098
                 9.80902                       30.768016
                 9.90901                       31.092279
                  10.009                        31.41689
                10.10899                       31.741855
                10.20898                       32.067177
                10.30897                       32.392862
                10.40896                       32.718913
                10.50895                       33.045334
                10.60894                       33.372131
                10.70893                       33.699307
                10.80892                       34.026868
                10.90891                       34.354818
                 11.0089                       34.683161
                11.10889                       35.011901
                11.20888                       35.341044
                11.30887                       35.670594
                11.40886                       36.000555
                11.50885                       36.330932
                11.60884                        36.66173
                11.70883                       36.992953
                11.80882                       37.324607
                11.90881                       37.656695
                 12.0088                       37.989222
                12.10879                       38.322194
                12.20878                       38.655615
                12.30877                       38.989489
                12.40876                       39.323822
                12.50875                       39.658618
                12.60874                       39.993882
                12.70873                       40.329619
                12.80872                       40.665834
                12.90871                       41.002532
                 13.0087                       41.339717
                13.10869                       41.677396
                13.20868                       42.015572
                13.30867                        42.35425
                13.40866                       42.693437
                13.50865                       43.033136
                13.60864                       43.373353
                13.70863                       43.714093
                13.80862                       44.055361
                13.90861                       44.397162
                 14.0086                       44.739502
                14.10859                       45.082386
                14.20858                       45.425819
                14.30857                       45.769805
                14.40856                       46.114352
                14.50855                       46.459463
                14.60854                       46.805145
                14.70853                       47.151402
                14.80852                        47.49824
                14.90851                       47.845665
                 15.0085                       48.194224
                15.10849                       48.543388
                15.20848                       48.893163
                15.30847                       49.243555
                15.40846                       49.594569
                15.50845                       49.946211
                15.60844                       50.298487
                15.70843                       50.651402
                15.80842                       51.004963
                15.90841                       51.359174
                 16.0084                       51.714042
                16.10839                       52.069574
                16.20838                       52.425774
                16.30837                       52.782648
                16.40836                       53.140204
                16.50835                       53.498446
                16.60834                       53.857381
                16.70833                       54.217014
                16.80832                       54.577353
                16.90831                       54.938404
                 17.0083                       55.300172
                17.10829                       55.662664
                17.20828                       56.025886
                17.30827                       56.389844
                17.40826                       56.754546
                17.50825                       57.119997
                17.60824                       57.486205
                17.70823                       57.853174
                17.80822                       58.220913
                17.90821                       58.589428
                 18.0082                       58.958725
                18.10819                       59.328811
                18.20818                       59.699694
                18.30817                       60.071379
                18.40816                       60.443874
                18.50815                       60.817185
                18.60814                       61.191321
                18.70813                       61.566286
                18.80812                        61.94209
                18.90811                       62.318739
                 19.0081                       62.696239
                19.10809                       63.074599
                19.20808                       63.453826
                19.30807                       63.833927
                19.40806                       64.214909
                19.50805                        64.59678
                19.60804                       64.979547
                19.70803                       65.363219
                19.80802                       65.747802
                19.90801                       66.133304
                  20.008                       66.519733
                20.10799                       66.907098
                20.20798                       67.295405
                20.30797                       67.684663
                20.40796                       68.074879
                20.50795                       68.466063
                20.60794                       68.858221
                20.70793                       69.251363
                20.80792                       69.645496
                20.90791                       70.040628
                 21.0079                       70.436769
                21.10789                       70.833927
                21.20788                       71.232109
                21.30787                       71.631326
                21.40786                       72.031585
                21.50785                       72.432895
                21.60784                       72.835265
                21.70783                       73.238704
                21.80782                       73.643222
                21.90781                       74.048826
                 22.0078                       74.455526
                22.10779                       74.863332
                22.20778                       75.272252
                22.30777                       75.682296
                22.40776                       76.093474
                22.50775                       76.505795
                22.60774                       76.919268
                22.70773                       77.333904
                22.80772                       77.749712
                22.90771                       78.166703
                 23.0077                       78.584885
                23.10769                        79.00427
                23.20768                       79.424867
                23.30767                       79.846686
                23.40766                       80.269739
                23.50765                       80.694035
                23.60764                       81.119585
                23.70763                       81.546401
                23.80762                       81.974492
                23.90761                        82.40387
                 24.0076                       82.834547
                24.10759                       83.266532
                24.20758                       83.699839
                24.30757                       84.134478
                24.40756                       84.570462
                24.50755                       85.007804
                24.60754                       85.446516
                24.70753                       85.886612
                24.80752                       86.328107
                24.90751                       86.771016
                      25                       87.181981
                 25.0075                       87.215378
                25.10749                       87.661412
                25.20748                       88.108939
                25.30747                       88.558012
                25.40746                       89.008735
                25.50745                       89.461382
                25.60744                        89.91708
                25.70743                       90.373518
                25.80742                        90.81619
                25.90741                       91.277149
                 26.0074                       91.737526
                26.10739                        92.19891
                26.20738                       92.661641
                26.30737                       93.125844
                26.40736                       93.591578
                26.50735                        94.05888
                26.60734                       94.527777
                26.70733                       94.998291
                26.80732                       95.470441
                26.90731                       95.944244
                 27.0073                       96.419717
                27.10729                       96.896876
                27.20728                       97.375738
                27.30727                       97.856319
                27.40726                       98.338633
                27.50725                       98.822797
                27.60724                       99.308728
                27.70723                       99.796442
                27.80722                       100.28595
                27.90721                       100.77728
                 28.0072                       101.27044
                28.10719                       101.76544
                28.20718                       102.26231
                28.30717                       102.76106
                28.40716                       103.26171
                28.50715                       103.76427
                28.60714                       104.26877
                28.70713                       104.77521
                28.80712                       105.28362
                28.90711                       105.79401
                 29.0071                       106.30641
                29.10709                       106.82083
                29.20708                       107.33729
                29.30707                        107.8558
                29.40706                       108.37639
                29.50705                       108.89908
                29.60704                       109.42388
                29.70703                       109.95081
                29.80702                        110.4799
                29.90701                       111.01116
                  30.007                       111.54461
                30.10699                       112.08028
                30.20698                       112.61818
                30.30697                       113.15833
                30.40696                       113.70076
                30.50695                       114.24548
                30.60694                       114.79253
                30.70693                       115.34191
                30.80692                       115.89366
                30.90691                       116.44778
                 31.0069                       117.00432
                31.10689                       117.56328
                31.20688                       118.12469
                31.30687                       118.68858
                31.40686                       119.25497
                31.50685                       119.82388
                31.60684                       120.39534
                31.70683                       120.96936
                31.80682                       121.54598
                31.90681                       122.12522
                 32.0068                       122.70711
                32.10679                       123.29166
                32.20678                       123.87892
                32.30677                       124.46889
                32.40676                       125.06162
                32.50675                       125.65712
                32.60674                       126.25542
                32.70673                       126.85655
                32.80672                       127.46054
                32.90671                       128.06742
                 33.0067                       128.67721
                33.10669                       129.28995
                33.20668                       129.90566
                33.30667                       130.52437
                33.40666                       131.14611
                33.50665                       131.77092
                33.60664                       132.39881
                33.70663                       133.02984
                33.80662                       133.66402
                33.90661                       134.30138
                 34.0066                       134.94197
                34.10659                       135.58581
                34.20658                       136.23294
                34.30657                       136.88338
                34.40656                       137.53718
                34.50655                       138.19455
                34.60654                       138.85535
                34.70653                       139.51961
                34.80652                       140.18736
                34.90651                       140.85865
                 35.0065                       141.53351
                35.10649                       142.21197
                35.20648                       142.89408
                35.30647                       143.57987
                35.40646                       144.26938
                35.50645                       144.96265
                35.60644                       145.65972
                35.70643                       146.36064
                35.80642                       147.06544
                35.90641                       147.77416
                 36.0064                       148.48685
                36.10639                       149.20354
                36.20638                       149.92429
                36.30637                       150.64914
                36.40636                       151.37813
                36.50635                        152.1113
                36.60634                        152.8487
                36.70633                       153.59039
                36.80632                        154.3364
                36.90631                       155.08678
                 37.0063                       155.84159
                37.10629                       156.60087
                37.20628                       157.36467
                37.30627                       158.13304
                37.40626                       158.90604
                37.50625                       159.68371
                37.60624                       160.46611
                37.70623                       161.25329
                37.80622                       162.04531
                37.90621                       162.84223
                 38.0062                       163.64409
                38.10619                       164.45096
                38.20618                       165.26289
                38.30617                       166.07995
                38.40616                       166.90219
                38.50615                       167.72967
                38.60614                       168.56246
                38.70613                       169.40061
                38.80612                       170.24419
                38.90611                       171.09327
                 39.0061                       171.94791
                39.10609                       172.80818
                39.20608                       173.67414
                39.30607                       174.54587
                39.40606                       175.42342
                39.50605                       176.30688
                39.60604                       177.19632
                39.70603                        178.0918
                39.80602                       178.99341
                39.90601                       179.90122
                  40.006                        180.8153
                40.10599                       181.73573
                40.20598                        182.6626
                40.30597                       183.59598
                40.40596                       184.53595
                40.50595                        185.4826
                40.60594                       186.43602
                40.70593                       187.39628
                40.80592                       188.36347
                40.90591                        189.3377
                 41.0059                       190.31903
                41.10589                       191.30758
                41.20588                       192.30342
                41.30587                       193.30666
                41.40586                        194.3174
                41.50585                       195.33572
                41.60584                       196.36174
                41.70583                       197.39555
                41.80582                       198.43725
                41.90581                       199.48696
                 42.0058                       200.54478
                42.10579                       201.61082
                42.20578                       202.68519
                42.30577                         203.768
                42.40576                       204.85938
                42.50575                       205.95943
                42.60574                       207.06827
                42.70573                       208.18604
                42.80572                       209.31285
                42.90571                       210.44883
                 43.0057                        211.5941
                43.10569                       212.74881
                43.20568                       213.91307
                43.30567                       215.08704
                43.40566                       216.27084
                43.50565                       217.46462
                43.60564                       218.66852
                43.70563                       219.88269
                43.80562                       221.10728
                43.90561                       222.34245
                 44.0056                       223.58834
                44.10559                       224.84511
                44.20558                       226.11293
                44.30557                       227.39196
                44.40556                       228.68238
                44.50555                       229.98434
                44.60554                       231.29803
                44.70553                       232.62363
                44.80552                       233.96131
                44.90551                       235.31127
                 45.0055                       236.67369
                45.10549                       238.04877
                45.20548                       239.43669
                45.30547                       240.83768
                45.40546                       242.25193
                45.50545                       243.67964
                45.60544                       245.12105
                45.70543                       246.57636
                45.80542                        248.0458
                45.90541                        249.5296
                 46.0054                       251.02799
                46.10539                       252.54121
                46.20538                        254.0695
                46.30537                       255.61313
                46.40536                       257.17233
                46.50535                       258.74737
                46.60534                       260.33852
                46.70533                       261.94604
                46.80532                       263.57023
                46.90531                       265.21136
                 47.0053                       266.86972
                47.10529                       268.54562
                47.20528                       270.23935
                47.30527                       271.95123
                47.40526                       273.68159
                47.50525                       275.43074
                47.60524                       277.19902
                47.70523                       278.98678
                47.80522                       280.79436
                47.90521                       282.62213
                 48.0052                       284.47045
                48.10519                       286.33971
                48.20518                       288.23028
                48.30517                       290.14256
                48.40516                       292.07715
                48.50515                       294.03427
                48.60514                       296.01436
                48.70513                       298.01786
                48.80512                       300.04521
                48.90511                       302.09687
                 49.0051                       304.17332
                49.10509                       306.27505
                49.20508                       308.40254
                49.30507                       310.55633
                49.40506                       312.73693
                49.50505                        314.9449
                49.60504                        317.1808
                49.70503                       319.44527
                49.80502                       321.73905
                49.90501                       324.06373
                      50                       326.27904
                  50.005                       326.40076
                50.10499                       328.79559
                50.20498                       331.21238
                50.30497                       333.66074
                50.40496                        336.1418
                50.50495                        338.6564
                50.60494                       341.20528
                50.70493                       343.78923
                50.80492                       346.40901
                50.90491                       349.06543
                 51.0049                       351.75931
                51.10489                       354.49148
                51.20488                       357.26283
                51.30487                       360.07424
                51.40486                       362.92664
                51.50485                       365.82098
                51.60484                       368.75823
                51.70483                       371.73941
                51.80482                       374.76556
                51.90481                       377.83775
                 52.0048                        380.9571
                52.10479                       384.12475
                52.20478                       387.34188
                52.30477                       390.60972
                52.40476                       393.92952
                52.50475                        397.3026
                52.60474                       400.73031
                52.70473                       404.21403
                52.80472                       407.75521
                52.90471                       411.35535
                 53.0047                       415.01599
                53.10469                       418.73873
                53.20468                       422.52522
                53.30467                       426.37719
                53.40466                        430.2964
                53.50465                       434.28471
                53.60464                       438.34403
                53.70463                       442.47633
                53.80462                       446.68368
                53.90461                       450.96821
                 54.0046                       455.33214
                54.10459                       459.77776
                54.20458                       464.30748
                54.30457                       468.92377
                54.40456                       473.62924
                54.50455                       478.42655
                54.60454                       483.31853
                54.70453                       488.30807
                54.80452                       493.39822
                54.90451                       498.59213
                 55.0045                       503.89311
                55.10449                       509.30459
                55.20448                       514.83016
                55.30447                       520.47356
                55.40446                        526.2387
                55.50445                       532.12967
                55.60444                       538.15073
                55.70443                       544.30636
                55.80442                       550.60121
                55.90441                       557.04018
                 56.0044                        563.6284
                56.10439                       570.37123
                56.20438                        577.2743
                56.30437                        584.3435
                56.40436                       591.58505
                56.50435                       599.00546
                56.60434                       606.61155
                56.70433                       614.41054
                56.80432                          622.41
                56.90431                        630.6179
                 57.0043                       639.04264
                57.10429                       647.69309
                57.20428                        656.5786
                57.30427                       665.70904
                57.40426                       675.09486
                57.50425                        684.7471
                57.60424                       694.67743
                57.70423                       704.89824
                57.80422                       715.42265
                57.90421                       726.26459
                 58.0042                       737.43885
                58.10419                       748.96116
                58.20418                       760.84825
                58.30417                       773.11795
                58.40416                       785.78927
                58.50415                       798.88248
                58.60414                       812.41927
                58.70413                       826.42283
                58.80412                       840.91798
                58.90411                       855.93136
                 59.0041                       871.49154
                59.10409                       887.62925
                59.20408                       904.37757
                59.30407                       921.77215
                59.40406                       939.85145
                59.50405                       958.65708
                59.60404                       978.23407
                59.70403                       998.63125
                59.80402                       1019.9017
                59.90401                       1042.1031
                  60.004                       1065.2983
                60.10399                       1089.5562
                60.20398                        1114.952
                60.30397                        1141.568
                60.40396                        1169.495
                60.50395                       1198.8329
                60.60394                       1229.6918
                60.70393                        1262.194
                60.80392                       1296.4748
                60.90391                       1332.6851
                 61.0039                       1370.9932
                61.10389                       1411.5878
                61.20388                       1454.6805
                61.30387                       1500.5103
                61.40386                       1549.3474
                61.50385                       1601.4988
                61.60384                        1657.315
                61.70383                       1717.1974
                61.80382                       1781.6084
                61.90381                       1851.0835
                 62.0038                       1926.2456
                62.10379                       2007.8244
                62.20378                       2096.6803
                62.30377                       2193.8341
                62.40376                       2300.5074
                62.50375                       2418.1738
                62.60374                       2548.6275
                62.70373                       2694.0758
                62.80372                       2857.2649
                62.90371                       3041.6551
                 63.0037                       3251.6694
                63.10369                        3493.053
                63.20368                       3773.4072
                63.30367                       4103.0048
                63.40366                       4496.0773
                63.50365                       4972.9241
                63.60364                       5563.5328
                63.70363                       6314.1411
                63.80362                       7299.9685
                63.90361                       8652.1382
                 64.0036                       10621.452
                64.10359                       13755.234
                64.20358                       19519.013
                64.30357                       33606.078
                64.40356                       119188.66
                64.50355                       73996.361
                64.60354                       28567.548
                64.70353                       17672.863
                64.80352                       12787.774
                64.90351                       10015.482
                 65.0035                        8229.129
                65.10349                       6982.1802
                65.20348                       6062.3654
                65.30347                       5355.8721
                65.40346                       4796.1944
                65.50345                       4341.8684
                65.60344                       3965.7004
                65.70343                       3649.1138
                65.80342                       3378.9868
                65.90341                       3145.7873
                 66.0034                       2942.4237
                66.10339                       2763.5111
                66.20338                       2604.8866
                66.30337                       2463.2819
                66.40336                       2336.0947
                66.50335                       2221.2275
                66.60334                       2116.9709
                66.70333                       2021.9178
                66.80332                       1934.8992
                66.90331                       1854.9361
                 67.0033                       1781.2025
                67.10329                       1712.9962
                67.20328                       1649.7169
                67.30327                       1590.8482
                67.40326                       1535.9434
                67.50325                        1484.614
                67.60324                       1436.5209
                67.70323                       1391.3665
                67.80322                       1348.8884
                67.90321                       1308.8548
                 68.0032                       1271.0598
                68.10319                       1235.3199
                68.20318                       1201.4714
                68.30317                       1169.3671
                68.40316                       1138.8752
                68.50315                       1109.8764
                68.60314                       1082.2632
                68.70313                        1055.938
                68.80312                       1030.8122
                68.90311                       1006.8051
                 69.0031                       983.84323
                69.10309                       961.85925
                69.20308                       940.79156
                69.30307                       920.58362
                69.40306                       901.18342
                69.50305                       882.54309
                69.60304                       864.61846
                69.70303                       847.36872
                69.80302                       830.75608
                69.90301                       814.74556
                  70.003                       799.30466
                70.10299                       784.40319
                70.20298                       770.01305
                70.30297                       756.10807
                70.40296                       742.66383
                70.50295                       729.65751
                70.60294                       717.06778
                70.70293                       704.87468
                70.80292                       693.05949
                70.90291                       681.60465
                 71.0029                       670.49369
                71.10289                       659.71111
                71.20288                       649.24233
                71.30287                       639.07362
                71.40286                       629.19205
                71.50285                        619.5854
                71.60284                       610.24215
                71.70283                       601.15141
                71.80282                       592.30288
                71.90281                       583.68681
                 72.0028                       575.29398
                72.10279                       567.11563
                72.20278                       559.14346
                72.30277                       551.36961
                72.40276                       543.78658
                72.50275                       536.38727
                72.60274                       529.16491
                72.70273                       522.11308
                72.80272                       515.22564
                72.90271                       508.49676
                 73.0027                       501.92088
                73.10269                       495.49268
                73.20268                       489.20711
                73.30267                       483.05932
                73.40266                        477.0447
                73.50265                       471.15882
                73.60264                       465.39748
                73.70263                       459.75661
                73.80262                       454.23236
                73.90261                       448.82101
                 74.0026                       443.51903
                74.10259                         438.323
                74.20258                       433.22965
                74.30257                       428.23587
                74.40256                       423.33864
                74.50255                       418.53507
                74.60254                        413.8224
                74.70253                       409.19795
                74.80252                       404.65917
                74.90251                       400.20359
                 75.0025                       395.82884
                75.10249                       391.53283
                75.20248                       387.31317
                75.30247                       383.16774
                75.40246                        379.0945
                75.50245                       375.09149
                75.60244                        371.1568
                75.70243                       367.28862
                75.80242                       363.48517
                75.90241                       359.74476
                 76.0024                       356.06574
                76.10239                       352.44653
                76.20238                        348.8856
                76.30237                       345.38145
                76.40236                       341.93266
                76.50235                       338.53785
                76.60234                       335.19568
                76.70233                       331.90485
                76.80232                        328.6641
                76.90231                       325.47223
                 77.0023                       322.32806
                77.10229                       319.23046
                77.20228                       316.17831
                77.30227                       313.17055
                77.40226                       310.20616
                77.50225                       307.28411
                77.60224                       304.40345
                77.70223                       301.56323
                77.80222                       298.76253
                77.90221                       296.00047
                 78.0022                       293.27618
                78.10219                       290.58882
                78.20218                       287.93759
                78.30217                        285.3217
                78.40216                       282.74037
                78.50215                       280.19286
                78.60214                       277.67846
                78.70213                       275.19645
                78.80212                       272.74615
                78.90211                        270.3269
                 79.0021                       267.93805
                79.10209                       265.57898
                79.20208                       263.24905
                79.30207                        260.9477
                79.40206                       258.67432
                79.50205                       256.42837
                79.60204                       254.20928
                79.70203                       252.01653
                79.80202                       249.84958
                79.90201                       247.70794
                  80.002                       245.59111
                80.10199                       243.49861
                80.20198                       241.42996
                80.30197                       239.38471
                80.40196                       237.36241
                80.50195                       235.36263
                80.60194                       233.38493
                80.70193                       231.42891
                80.80192                       229.49416
                80.90191                       227.58029
                 81.0019                       225.68691
                81.10189                       223.81364
                81.20188                       221.96012
                81.30187                       220.12599
                81.40186                       218.31089
                81.50185                       216.51449
                81.60184                       214.73646
                81.70183                       212.97646
                81.80182                       211.23417
                81.90181                        209.5093
                 82.0018                       207.80152
                82.10179                       206.11055
                82.20178                       204.43609
                82.30177                       202.77786
                82.40176                       201.13558
                82.50175                       199.50897
                82.60174                       197.89778
                82.70173                       196.30174
                82.80172                       194.72059
                82.90171                        193.1541
                 83.0017                         191.602
                83.10169                       190.06407
                83.20168                       188.54007
                83.30167                       187.02977
                83.40166                       185.53295
                83.50165                       184.04939
                83.60164                       182.57887
                83.70163                       181.12118
                83.80162                       179.67612
                83.90161                       178.24349
                 84.0016                       176.82308
                84.10159                       175.41471
                84.20158                       174.01817
                84.30157                        172.6333
                84.40156                        171.2599
                84.50155                        169.8978
                84.60154                       168.54682
                84.70153                       167.20678
                84.80152                       165.87753
                84.90151                       164.55889
                 85.0015                        163.2507
                85.10149                       161.95281
                85.20148                       160.66505
                85.30147                       159.38728
                85.40146                       158.11934
                85.50145                       156.86108
                85.60144                       155.61237
                85.70143                       154.37305
                85.80142                         153.143
                85.90141                       151.92207
                 86.0014                       150.71013
                86.10139                       149.50704
                86.20138                       148.31268
                86.30137                       147.12692
                86.40136                       145.94963
                86.50135                        144.7807
                86.60134                          143.62
                86.70133                       142.46741
                86.80132                       141.32282
                86.90131                       140.18611
                 87.0013                       139.05717
                87.10129                       137.93589
                87.20128                       136.82216
                87.30127                       135.71587
                87.40126                       134.61692
                87.50125                       133.52521
                87.60124                       132.44064
                87.70123                        131.3631
                87.80122                       130.29249
                87.90121                       129.22873
                 88.0012                       128.17171
                88.10119                       127.12135
                88.20118                       126.07754
                88.30117                       125.04021
                88.40116                       124.00926
                88.50115                        122.9846
                88.60114                       121.96615
                88.70113                       120.95383
                88.80112                       119.94754
                88.90111                       118.94722
                 89.0011                       117.95277
                89.10109                       116.96412
                89.20108                        115.9812
                89.30107                       115.00391
                89.40106                       114.03219
                89.50105                       113.06597
                89.60104                       112.10517
                89.70103                       111.14971
                89.80102                       110.19953
                89.90101                       109.25456
                  90.001                       108.31472
                90.10099                       107.37995
                90.20098                       106.45019
                90.30097                       105.52536
                90.40096                        104.6054
                90.50095                       103.69024
                90.60094                       102.77983
                90.70093                        101.8741
                90.80092                       100.97299
                90.90091                       100.07643
                 91.0009                       99.184376
                91.10089                       98.296761
                91.20088                       97.413528
                91.30087                       96.534619
                91.40086                       95.659979
                91.50085                        94.78955
                91.60084                        93.92328
                91.70083                       93.061113
                91.80082                       92.202995
                91.90081                       91.348876
                 92.0008                       90.498701
                92.10079                       89.652421
                92.20078                       88.809984
                92.30077                       87.971341
                92.40076                       87.136442
                92.50075                       86.305239
                92.60074                       85.477683
                92.70073                       84.653728
                92.80072                        83.83334
                92.90071                       83.016459
                 93.0007                        82.20304
                93.10069                       81.393038
                93.20068                       80.586408
                93.30067                       79.783107
                93.40066                       78.983091
                93.50065                       78.186318
                93.60064                       77.392745
                93.70063                       76.602331
                93.80062                       75.815034
                93.90061                       75.030814
                 94.0006                       74.249631
                94.10059                       73.471444
                94.20058                       72.696215
                94.30057                       71.923905
                94.40056                       71.154476
                94.50055                        70.38789
                94.60054                       69.624108
                94.70053                       68.863096
                94.80052                       68.104815
                94.90051                        67.34923
                 95.0005                       66.596304
                95.10049                       65.846004
                95.20048                       65.098293
                95.30047                       64.353138
                95.40046                       63.610503
                95.50045                       62.870356
                95.60044                       62.132663
                95.70043                       61.397391
                95.80042                       60.664508
                95.90041                        59.93398
                 96.0004                       59.205776
                96.10039                       58.479865
                96.20038                       57.756215
                96.30037                       57.034795
                96.40036                       56.315575
                96.50035                       55.598523
                96.60034                       54.883611
                96.70033                       54.170809
                96.80032                       53.460087
                96.90031                       52.751416
                 97.0003                       52.044767
                97.10029                       51.340112
                97.20028                       50.637422
                97.30027                        49.93667
                97.40026                       49.237827
                97.50025                       48.540867
                97.60024                       47.845763
                97.70023                       47.152487
                97.80022                       46.461012
                97.90021                       45.771313
                 98.0002                       45.083363
                98.10019                       44.397136
                98.20018                       43.712607
                98.30017                       43.029751
                98.40016                       42.348541
                98.50015                       41.668953
                98.60014                       40.990963
                98.70013                       40.314545
                98.80012                       39.639676
                98.90011                       38.966331
                 99.0001                       38.294487
                99.10009                       37.624119
                99.20008                       36.955204
                99.30007                        36.28772
                99.40006                       35.621642
                99.50005                       34.956949
                99.60004                       34.293616
                99.70003                       33.631622
                99.80002                       32.970945
                99.90001                       32.311562
                     100                       31.653451

