        Frequency / MHz                Z1,1/abs,linear
----------------------------------------------------------------------
                    0.01                       2.1031984
                 0.10999                       22.522865
                 0.20998                       32.686024
                 0.30997                       38.452568
                 0.40996                       42.801328
                 0.50995                       46.342284
                 0.60994                       49.446461
                 0.70993                       52.156358
                 0.80992                       54.566801
                 0.90991                       56.742844
                  1.0099                       58.730667
                 1.10989                       60.611351
                 1.20988                       62.365544
                 1.30987                       64.012308
                 1.40986                       65.566506
                 1.50985                       67.039935
                 1.60984                       68.442111
                 1.70983                       69.780818
                 1.80982                       71.062512
                 1.90981                       72.292606
                  2.0098                       73.475695
                 2.10979                       74.615713
                 2.20978                       75.716062
                 2.30977                       76.779707
                 2.40976                       77.809252
                 2.50975                       78.807001
                 2.60974                       79.775004
                 2.70973                       80.715097
                 2.80972                       81.649356
                 2.90971                        82.55931
                  3.0097                       83.446299
                 3.10969                       84.311548
                 3.20968                       85.156176
                 3.30967                       85.981214
                 3.40966                        86.78761
                 3.50965                       87.576243
                 3.60964                       88.347927
                 3.70963                       89.103419
                 3.80962                       89.843425
                 3.90961                       90.568604
                  4.0096                       91.279573
                 4.10959                       91.976911
                 4.20958                       92.661162
                 4.30957                       93.332837
                 4.40956                       93.992418
                 4.50955                       94.640361
                 4.60954                       95.277096
                 4.70953                       95.903031
                 4.80952                       96.518551
                 4.90951                       97.124023
                  5.0095                       97.719796
                 5.10949                       98.306199
                 5.20948                       98.883547
                 5.30947                       99.452141
                 5.40946                       100.01227
                 5.50945                        100.5642
                 5.60944                       101.10819
                 5.70943                        101.6445
                 5.80942                       102.17336
                 5.90941                         102.695
                  6.0094                       103.20964
                 6.10939                       103.71748
                 6.20938                       104.21873
                 6.30937                       104.71359
                 6.40936                       105.20223
                 6.50935                       105.68483
                 6.60934                       106.16157
                 6.70933                        106.6326
                 6.80932                       107.09809
                 6.90931                       107.55818
                  7.0093                       108.01303
                 7.10929                       108.46277
                 7.20928                       108.90754
                 7.30927                       109.34747
                 7.40926                       109.78269
                 7.50925                       110.21331
                 7.60924                       110.63947
                 7.70923                       111.06125
                 7.80922                       111.47879
                 7.90921                       111.89218
                  8.0092                       112.30153
                 8.10919                       112.70693
                 8.20918                       113.10848
                 8.30917                       113.50628
                 8.40916                        113.9004
                 8.50915                       114.29095
                 8.60914                         114.678
                 8.70913                       115.06163
                 8.80912                       115.44192
                 8.90911                       115.81896
                  9.0091                        116.1928
                 9.10909                       116.56353
                 9.20908                       116.93121
                 9.30907                       117.29591
                 9.40906                        117.6577
                 9.50905                       118.01664
                 9.60904                       118.37279
                 9.70903                        118.7262
                 9.80902                       119.07695
                 9.90901                       119.42508
                  10.009                       119.77582
                10.10899                       120.12409
                10.20898                       120.46993
                10.30897                        120.8134
                10.40896                       121.15453
                10.50895                       121.49339
                10.60894                       121.83001
                10.70893                       122.16443
                10.80892                       122.49671
                10.90891                       122.82688
                 11.0089                       123.15499
                11.10889                       123.48107
                11.20888                       123.80516
                11.30887                        124.1273
                11.40886                       124.44753
                11.50885                       124.76589
                11.60884                        125.0824
                11.70883                        125.3971
                11.80882                       125.71003
                11.90881                       126.02122
                 12.0088                       126.33069
                12.10879                       126.63848
                12.20878                       126.94462
                12.30877                       127.24914
                12.40876                       127.55206
                12.50875                       127.85341
                12.60874                       128.15323
                12.70873                       128.45153
                12.80872                       128.74834
                12.90871                       129.04368
                 13.0087                       129.33759
                13.10869                       129.63008
                13.20868                       129.92117
                13.30867                        130.2109
                13.40866                       130.49927
                13.50865                       130.78632
                13.60864                       131.07206
                13.70863                       131.35651
                13.80862                        131.6397
                13.90861                       131.92164
                 14.0086                       132.20235
                14.10859                       132.48184
                14.20858                       132.76015
                14.30857                       133.03728
                14.40856                       133.31325
                14.50855                       133.58808
                14.60854                       133.86179
                14.70853                       134.13438
                14.80852                       134.40588
                14.90851                        134.6763
                 15.0085                       134.94566
                15.10849                       135.21397
                15.20848                       135.48124
                15.30847                       135.74748
                15.40846                       136.01272
                15.50845                       136.27696
                15.60844                       136.54022
                15.70843                       136.80251
                15.80842                       137.06384
                15.90841                       137.32422
                 16.0084                       137.58366
                16.10839                       137.84218
                16.20838                       138.09979
                16.30837                       138.35649
                16.40836                        138.6123
                16.50835                       138.86722
                16.60834                       139.12127
                16.70833                       139.37446
                16.80832                        139.6268
                16.90831                       139.87829
                 17.0083                       140.12894
                17.10829                       140.37876
                17.20828                       140.62777
                17.30827                       140.87596
                17.40826                       141.12336
                17.50825                       141.36995
                17.60824                       141.61576
                17.70823                       141.86079
                17.80822                       142.10504
                17.90821                       142.34853
                 18.0082                       142.59126
                18.10819                       142.83324
                18.20818                       143.07446
                18.30817                       143.31495
                18.40816                       143.55471
                18.50815                       143.79373
                18.60814                       144.03203
                18.70813                       144.26962
                18.80812                       144.50649
                18.90811                       144.74266
                 19.0081                       144.97812
                19.10809                       145.21289
                19.20808                       145.44696
                19.30807                       145.68035
                19.40806                       145.91305
                19.50805                       146.14507
                19.60804                       146.37642
                19.70803                        146.6071
                19.80802                        146.8371
                19.90801                       147.06645
                  20.008                       147.29514
                20.10799                       147.52316
                20.20798                       147.75054
                20.30797                       147.97726
                20.40796                       148.20334
                20.50795                       148.42877
                20.60794                       148.65356
                20.70793                       148.87771
                20.80792                       149.10122
                20.90791                        149.3241
                 21.0079                       149.54635
                21.10789                       149.76797
                21.20788                       149.98896
                21.30787                       150.20932
                21.40786                       150.42906
                21.50785                       150.64817
                21.60784                       150.86667
                21.70783                       151.08454
                21.80782                        151.3018
                21.90781                       151.51843
                 22.0078                       151.73446
                22.10779                       151.94986
                22.20778                       152.16466
                22.30777                       152.37884
                22.40776                        152.5924
                22.50775                       152.80536
                22.60774                        153.0177
                22.70773                       153.22943
                22.80772                       153.44056
                22.90771                       153.65107
                 23.0077                       153.86097
                23.10769                       154.07026
                23.20768                       154.27893
                23.30767                         154.487
                23.40766                       154.69446
                23.50765                        154.9013
                23.60764                       155.10754
                23.70763                       155.31316
                23.80762                       155.51816
                23.90761                       155.72256
                 24.0076                       155.92634
                24.10759                        156.1295
                24.20758                       156.33205
                24.30757                       156.53397
                24.40756                       156.73528
                24.50755                       156.93597
                24.60754                       157.13604
                24.70753                       157.33549
                24.80752                       157.53431
                24.90751                        157.7325
                      25                       157.91527
                 25.0075                       157.93014
                25.10749                       158.12811
                25.20748                       158.32545
                25.30747                       158.52215
                25.40746                       158.71822
                25.50745                       158.91366
                25.60744                       159.10846
                25.70743                       159.30262
                25.80742                       159.49614
                25.90741                       159.68902
                 26.0074                       159.88125
                26.10739                       160.07283
                26.20738                       160.26375
                26.30737                       160.45403
                26.40736                       160.64364
                26.50735                        160.8326
                26.60734                       161.02089
                26.70733                       161.20851
                26.80732                       161.39547
                26.90731                       161.58175
                 27.0073                       161.76735
                27.10729                       161.95228
                27.20728                       162.13652
                27.30727                       162.32008
                27.40726                       162.50295
                27.50725                       162.68512
                27.60724                        162.8666
                27.70723                       163.04737
                27.80722                       163.22744
                27.90721                        163.4068
                 28.0072                       163.58545
                28.10719                       163.76338
                28.20718                       163.94059
                28.30717                       164.11708
                28.40716                       164.29283
                28.50715                       164.46785
                28.60714                       164.64214
                28.70713                       164.81568
                28.80712                       164.98847
                28.90711                       165.16051
                 29.0071                        165.3318
                29.10709                       165.50232
                29.20708                       165.67208
                29.30707                       165.84107
                29.40706                       166.00928
                29.50705                       166.17671
                29.60704                       166.34336
                29.70703                       166.50921
                29.80702                       166.67427
                29.90701                       166.83853
                  30.007                       167.00198
                30.10699                       167.16463
                30.20698                       167.32645
                30.30697                       167.48745
                30.40696                       167.64763
                30.50695                       167.80697
                30.60694                       167.96548
                30.70693                       168.12314
                30.80692                       168.27996
                30.90691                       168.43591
                 31.0069                       168.59101
                31.10689                       168.74524
                31.20688                        168.8986
                31.30687                       169.05109
                31.40686                       169.20269
                31.50685                        169.3534
                31.60684                       169.50322
                31.70683                       169.65213
                31.80682                       169.80014
                31.90681                       169.94724
                 32.0068                       170.09343
                32.10679                       170.23868
                32.20678                       170.38301
                32.30677                       170.52641
                32.40676                       170.66886
                32.50675                       170.81037
                32.60674                       170.95092
                32.70673                       171.09052
                32.80672                       171.22915
                32.90671                       171.36682
                 33.0067                       171.50351
                33.10669                       171.63922
                33.20668                       171.77394
                33.30667                       171.90767
                33.40666                       172.04041
                33.50665                       172.17214
                33.60664                       172.30286
                33.70663                       172.43257
                33.80662                       172.56126
                33.90661                       172.68893
                 34.0066                       172.81557
                34.10659                       172.94118
                34.20658                       173.06575
                34.30657                       173.18928
                34.40656                       173.31176
                34.50655                       173.43318
                34.60654                       173.55355
                34.70653                       173.67286
                34.80652                       173.79111
                34.90651                       173.90829
                 35.0065                       174.02439
                35.10649                       174.13942
                35.20648                       174.25337
                35.30647                       174.36624
                35.40646                       174.47802
                35.50645                       174.58872
                35.60644                       174.69832
                35.70643                       174.80683
                35.80642                       174.91425
                35.90641                       175.02057
                 36.0064                        175.1258
                36.10639                       175.22992
                36.20638                       175.33294
                36.30637                       175.43487
                36.40636                       175.53569
                36.50635                       175.63541
                36.60634                       175.73403
                36.70633                       175.83155
                36.80632                       175.92798
                36.90631                        176.0233
                 37.0063                       176.11754
                37.10629                       176.21067
                37.20628                       176.30272
                37.30627                       176.39369
                37.40626                       176.48357
                37.50625                       176.57237
                37.60624                        176.6601
                37.70623                       176.74676
                37.80622                       176.83235
                37.90621                       176.91689
                 38.0062                       177.00066
                38.10619                       177.08339
                38.20618                       177.16508
                38.30617                       177.24575
                38.40616                       177.32541
                38.50615                       177.40405
                38.60614                       177.48171
                38.70613                       177.55838
                38.80612                       177.63408
                38.90611                       177.70882
                 39.0061                       177.78262
                39.10609                       177.85549
                39.20608                       177.92744
                39.30607                        177.9985
                39.40606                       178.06867
                39.50605                       178.13798
                39.60604                       178.20644
                39.70603                       178.27408
                39.80602                       178.34091
                39.90601                       178.40696
                  40.006                       178.47225
                40.10599                        178.5368
                40.20598                       178.60063
                40.30597                       178.66377
                40.40596                       178.72625
                40.50595                       178.78809
                40.60594                       178.84933
                40.70593                       178.90999
                40.80592                       178.97009
                40.90591                       179.02968
                 41.0059                       179.08879
                41.10589                       179.14744
                41.20588                       179.20567
                41.30587                       179.26352
                41.40586                       179.32103
                41.50585                       179.37823
                41.60584                       179.43516
                41.70583                       179.49186
                41.80582                       179.54838
                41.90581                       179.60474
                 42.0058                       179.66101
                42.10579                       179.71722
                42.20578                       179.77341
                42.30577                       179.82964
                42.40576                       179.88595
                42.50575                       179.94238
                42.60574                         179.999
                42.70573                       180.05584
                42.80572                       180.11297
                42.90571                       180.17042
                 43.0057                       180.22826
                43.10569                       180.28655
                43.20568                       180.34532
                43.30567                       180.40465
                43.40566                       180.46458
                43.50565                       180.52518
                43.60564                        180.5865
                43.70563                        180.6486
                43.80562                       180.71154
                43.90561                       180.77537
                 44.0056                       180.84017
                44.10559                       180.90599
                44.20558                       180.97289
                44.30557                       181.04093
                44.40556                       181.11017
                44.50555                       181.18069
                44.60554                       181.25252
                44.70553                       181.32575
                44.80552                       181.40043
                44.90551                       181.47662
                 45.0055                       181.55438
                45.10549                       181.63378
                45.20548                       181.71487
                45.30547                       181.79772
                45.40546                       181.88239
                45.50545                       181.96893
                45.60544                        182.0574
                45.70543                       182.14786
                45.80542                       182.24037
                45.90541                       182.33499
                 46.0054                       182.43176
                46.10539                       182.53074
                46.20538                       182.63199
                46.30537                       182.73555
                46.40536                       182.84147
                46.50535                        182.9498
                46.60534                       183.06059
                46.70533                       183.17388
                46.80532                       183.28971
                46.90531                       183.40813
                 47.0053                       183.52917
                47.10529                       183.65287
                47.20528                       183.77926
                47.30527                       183.90838
                47.40526                       184.04025
                47.50525                       184.17491
                47.60524                       184.31237
                47.70523                       184.45266
                47.80522                       184.59581
                47.90521                       184.74182
                 48.0052                       184.89071
                48.10519                        185.0425
                48.20518                       185.19719
                48.30517                       185.35479
                48.40516                       185.51531
                48.50515                       185.67874
                48.60514                       185.84509
                48.70513                       186.01435
                48.80512                        186.1865
                48.90511                       186.36155
                 49.0051                       186.53947
                49.10509                       186.72026
                49.20508                       186.90389
                49.30507                       187.09035
                49.40506                        187.2796
                49.50505                       187.47162
                49.60504                       187.66639
                49.70503                       187.86386
                49.80502                       188.06401
                49.90501                        188.2668
                      50                       188.46186
                  50.005                       188.47219
                50.10499                       188.68027
                50.20498                       188.89085
                50.30497                       189.10391
                50.40496                       189.31938
                50.50495                       189.53722
                50.60494                       189.75737
                50.70493                       189.97979
                50.80492                       190.20441
                50.90491                       190.43117
                 51.0049                       190.66003
                51.10489                       190.89091
                51.20488                       191.12376
                51.30487                       191.35851
                51.40486                        191.5951
                51.50485                       191.83346
                51.60484                       192.07352
                51.70483                       192.31522
                51.80482                       192.55849
                51.90481                       192.80326
                 52.0048                       193.04946
                52.10479                       193.29703
                52.20478                       193.54588
                52.30477                       193.79596
                52.40476                       194.04718
                52.50475                       194.29949
                52.60474                        194.5528
                52.70473                       194.80706
                52.80472                       195.06218
                52.90471                        195.3181
                 53.0047                       195.57475
                53.10469                       195.83206
                53.20468                       196.08997
                53.30467                        196.3484
                53.40466                       196.60728
                53.50465                       196.86656
                53.60464                       197.12616
                53.70463                       197.38602
                53.80462                       197.64608
                53.90461                       197.90627
                 54.0046                       198.16654
                54.10459                       198.42682
                54.20458                       198.68705
                54.30457                       198.94717
                54.40456                       199.20713
                54.50455                       199.46687
                54.60454                       199.72634
                54.70453                       199.98548
                54.80452                       200.24424
                54.90451                       200.50257
                 55.0045                       200.76042
                55.10449                       201.01774
                55.20448                       201.27449
                55.30447                       201.53062
                55.40446                       201.78608
                55.50445                       202.04083
                55.60444                       202.29484
                55.70443                       202.54806
                55.80442                       202.80045
                55.90441                       203.05197
                 56.0044                        203.3026
                56.10439                       203.55229
                56.20438                       203.80101
                56.30437                       204.04873
                56.40436                       204.29542
                56.50435                       204.54105
                56.60434                       204.78559
                56.70433                       205.02902
                56.80432                        205.2713
                56.90431                       205.51242
                 57.0043                       205.75234
                57.10429                       205.99106
                57.20428                       206.22854
                57.30427                       206.46477
                57.40426                       206.69973
                57.50425                       206.93339
                57.60424                       207.16575
                57.70423                       207.39679
                57.80422                       207.62649
                57.90421                       207.85484
                 58.0042                       208.08182
                58.10419                       208.30743
                58.20418                       208.53165
                58.30417                       208.75448
                58.40416                       208.97589
                58.50415                       209.19589
                58.60414                       209.41446
                58.70413                       209.63161
                58.80412                       209.84731
                58.90411                       210.06157
                 59.0041                       210.27439
                59.10409                       210.48575
                59.20408                       210.69565
                59.30407                       210.90409
                59.40406                       211.11107
                59.50405                       211.31658
                59.60404                       211.52063
                59.70403                       211.72321
                59.80402                       211.92432
                59.90401                       212.12397
                  60.004                       212.32215
                60.10399                       212.51886
                60.20398                        212.7141
                60.30397                       212.90788
                60.40396                        213.1002
                60.50395                       213.29106
                60.60394                       213.48046
                60.70393                       213.66841
                60.80392                       213.85491
                60.90391                       214.04006
                 61.0039                       214.22377
                61.10389                       214.40605
                61.20388                       214.58689
                61.30387                        214.7663
                61.40386                       214.94428
                61.50385                       215.12085
                61.60384                       215.29601
                61.70383                       215.46976
                61.80382                       215.64211
                61.90381                       215.81306
                 62.0038                       215.98262
                62.10379                        216.1508
                62.20378                        216.3176
                62.30377                       216.48303
                62.40376                        216.6471
                62.50375                       216.80981
                62.60374                       216.97117
                62.70373                       217.13119
                62.80372                       217.28987
                62.90371                       217.44722
                 63.0037                       217.60325
                63.10369                       217.75797
                63.20368                       217.91138
                63.30367                       218.06349
                63.40366                        218.2143
                63.50365                       218.36384
                63.60364                       218.51209
                63.70363                       218.65908
                63.80362                        218.8048
                63.90361                       218.94927
                 64.0036                       219.09249
                64.10359                       219.23447
                64.20358                       219.37522
                64.30357                       219.51474
                64.40356                       219.65305
                64.50355                       219.79015
                64.60354                       219.92604
                64.70353                       220.06075
                64.80352                       220.19426
                64.90351                        220.3266
                 65.0035                       220.45777
                65.10349                       220.58777
                65.20348                       220.71662
                65.30347                       220.84431
                65.40346                       220.97087
                65.50345                       221.09629
                65.60344                       221.22059
                65.70343                       221.34376
                65.80342                       221.46582
                65.90341                       221.58678
                 66.0034                       221.70664
                66.10339                       221.82541
                66.20338                        221.9431
                66.30337                       222.05971
                66.40336                       222.17525
                66.50335                       222.28973
                66.60334                       222.40316
                66.70333                       222.51554
                66.80332                       222.62687
                66.90331                       222.73717
                 67.0033                       222.84644
                67.10329                        222.9547
                67.20328                       223.06193
                67.30327                       223.16816
                67.40326                       223.27339
                67.50325                       223.37763
                67.60324                       223.48087
                67.70323                       223.58314
                67.80322                       223.68443
                67.90321                       223.78475
                 68.0032                        223.8841
                68.10319                       223.98251
                68.20318                       224.07996
                68.30317                       224.17646
                68.40316                       224.27203
                68.50315                       224.36667
                68.60314                       224.46038
                68.70313                       224.55317
                68.80312                       224.64505
                68.90311                       224.73602
                 69.0031                       224.82608
                69.10309                       224.91525
                69.20308                       225.00353
                69.30307                       225.09092
                69.40306                       225.17743
                69.50305                       225.26307
                69.60304                       225.34784
                69.70303                       225.43174
                69.80302                       225.51479
                69.90301                       225.59698
                  70.003                       225.67833
                70.10299                       225.75883
                70.20298                        225.8385
                70.30297                       225.91734
                70.40296                       225.99534
                70.50295                       226.07253
                70.60294                        226.1489
                70.70293                       226.22446
                70.80292                       226.29921
                70.90291                       226.37316
                 71.0029                       226.44631
                71.10289                       226.51867
                71.20288                       226.59024
                71.30287                       226.66103
                71.40286                       226.73104
                71.50285                       226.80028
                71.60284                       226.86875
                71.70283                       226.93645
                71.80282                        227.0034
                71.90281                       227.06958
                 72.0028                       227.13502
                72.10279                       227.19971
                72.20278                       227.26366
                72.30277                       227.32687
                72.40276                       227.38935
                72.50275                        227.4511
                72.60274                       227.51212
                72.70273                       227.57242
                72.80272                       227.63201
                72.90271                       227.69088
                 73.0027                       227.74904
                73.10269                        227.8065
                73.20268                       227.86326
                73.30267                       227.91932
                73.40266                       227.97469
                73.50265                       228.02937
                73.60264                       228.08337
                73.70263                       228.13668
                73.80262                       228.18932
                73.90261                       228.24128
                 74.0026                       228.29257
                74.10259                        228.3432
                74.20258                       228.39317
                74.30257                       228.44247
                74.40256                       228.49113
                74.50255                       228.53913
                74.60254                       228.58648
                74.70253                       228.63318
                74.80252                       228.67925
                74.90251                       228.72468
                 75.0025                       228.76948
                75.10249                       228.81364
                75.20248                       228.85718
                75.30247                        228.9001
                75.40246                       228.94239
                75.50245                       228.98407
                75.60244                       229.02513
                75.70243                       229.06558
                75.80242                       229.10543
                75.90241                       229.14467
                 76.0024                       229.18332
                76.10239                       229.22136
                76.20238                       229.25881
                76.30237                       229.29567
                76.40236                       229.33194
                76.50235                       229.36763
                76.60234                       229.40273
                76.70233                       229.43726
                76.80232                       229.47121
                76.90231                       229.50459
                 77.0023                        229.5374
                77.10229                       229.56964
                77.20228                       229.60131
                77.30227                       229.63243
                77.40226                       229.66299
                77.50225                         229.693
                77.60224                       229.72245
                77.70223                       229.75135
                77.80222                       229.77971
                77.90221                       229.80752
                 78.0022                       229.83479
                78.10219                       229.86153
                78.20218                       229.88773
                78.30217                       229.91339
                78.40216                       229.93853
                78.50215                       229.96314
                78.60214                       229.98722
                78.70213                       230.01079
                78.80212                       230.03383
                78.90211                       230.05636
                 79.0021                       230.07846
                79.10209                       230.10005
                79.20208                       230.12113
                79.30207                        230.1417
                79.40206                       230.16177
                79.50205                       230.18134
                79.60204                       230.20041
                79.70203                       230.21898
                79.80202                       230.23707
                79.90201                       230.25466
                  80.002                       230.27176
                80.10199                       230.28838
                80.20198                       230.30451
                80.30197                       230.32017
                80.40196                       230.33534
                80.50195                       230.35005
                80.60194                       230.36427
                80.70193                       230.37803
                80.80192                       230.39131
                80.90191                       230.40414
                 81.0019                       230.41649
                81.10189                       230.42839
                81.20188                       230.43982
                81.30187                        230.4508
                81.40186                       230.46133
                81.50185                        230.4714
                81.60184                       230.48102
                81.70183                        230.4902
                81.80182                       230.49892
                81.90181                       230.50721
                 82.0018                       230.51505
                82.10179                       230.52246
                82.20178                       230.52943
                82.30177                       230.53596
                82.40176                       230.54207
                82.50175                       230.54774
                82.60174                       230.55298
                82.70173                        230.5578
                82.80172                        230.5622
                82.90171                       230.56617
                 83.0017                       230.56972
                83.10169                       230.57286
                83.20168                       230.57558
                83.30167                       230.57789
                83.40166                       230.57979
                83.50165                       230.58128
                83.60164                       230.58237
                83.70163                       230.58304
                83.80162                       230.58332
                83.90161                       230.58319
                 84.0016                       230.58267
                84.10159                       230.58175
                84.20158                       230.58044
                84.30157                       230.57873
                84.40156                       230.57663
                84.50155                       230.57415
                84.60154                       230.57127
                84.70153                       230.56802
                84.80152                       230.56438
                84.90151                       230.56036
                 85.0015                       230.55596
                85.10149                       230.55118
                85.20148                       230.54603
                85.30147                       230.54051
                85.40146                       230.53461
                85.50145                       230.52835
                85.60144                       230.52172
                85.70143                       230.51472
                85.80142                       230.50736
                85.90141                       230.49964
                 86.0014                       230.49156
                86.10139                       230.48312
                86.20138                       230.47433
                86.30137                       230.46518
                86.40136                       230.45567
                86.50135                       230.44582
                86.60134                       230.43562
                86.70133                       230.42507
                86.80132                       230.41418
                86.90131                       230.40294
                 87.0013                       230.39136
                87.10129                       230.37945
                87.20128                       230.36719
                87.30127                        230.3546
                87.40126                       230.34167
                87.50125                       230.32841
                87.60124                       230.31482
                87.70123                        230.3009
                87.80122                       230.28665
                87.90121                       230.27208
                 88.0012                       230.25718
                88.10119                       230.24196
                88.20118                       230.22642
                88.30117                       230.21056
                88.40116                       230.19439
                88.50115                       230.17789
                88.60114                       230.16109
                88.70113                       230.14397
                88.80112                       230.12654
                88.90111                        230.1088
                 89.0011                       230.09075
                89.10109                        230.0724
                89.20108                       230.05375
                89.30107                       230.03479
                89.40106                       230.01553
                89.50105                       229.99597
                89.60104                       229.97612
                89.70103                       229.95596
                89.80102                       229.93552
                89.90101                       229.91478
                  90.001                       229.89375
                90.10099                       229.87243
                90.20098                       229.85082
                90.30097                       229.82892
                90.40096                       229.80674
                90.50095                       229.78428
                90.60094                       229.76154
                90.70093                       229.73851
                90.80092                       229.71521
                90.90091                       229.69162
                 91.0009                       229.66777
                91.10089                       229.64364
                91.20088                       229.61923
                91.30087                       229.59456
                91.40086                       229.56961
                91.50085                        229.5444
                91.60084                       229.51892
                91.70083                       229.49317
                91.80082                       229.46716
                91.90081                       229.44089
                 92.0008                       229.41436
                92.10079                       229.38757
                92.20078                       229.36052
                92.30077                       229.33321
                92.40076                       229.30565
                92.50075                       229.27783
                92.60074                       229.24977
                92.70073                       229.22145
                92.80072                       229.19288
                92.90071                       229.16407
                 93.0007                         229.135
                93.10069                        229.1057
                93.20068                       229.07615
                93.30067                       229.04635
                93.40066                       229.01632
                93.50065                       228.98605
                93.60064                       228.95554
                93.70063                       228.92479
                93.80062                        228.8938
                93.90061                       228.86259
                 94.0006                       228.83113
                94.10059                       228.79945
                94.20058                       228.76754
                94.30057                        228.7354
                94.40056                       228.70303
                94.50055                       228.67044
                94.60054                       228.63762
                94.70053                       228.60458
                94.80052                       228.57131
                94.90051                       228.53783
                 95.0005                       228.50413
                95.10049                        228.4702
                95.20048                       228.43606
                95.30047                       228.40171
                95.40046                       228.36714
                95.50045                       228.33236
                95.60044                       228.29736
                95.70043                       228.26216
                95.80042                       228.22675
                95.90041                       228.19113
                 96.0004                        228.1553
                96.10039                       228.11927
                96.20038                       228.08303
                96.30037                       228.04659
                96.40036                       228.00995
                96.50035                        227.9731
                96.60034                       227.93606
                96.70033                       227.89882
                96.80032                       227.86138
                96.90031                       227.82375
                 97.0003                       227.78593
                97.10029                       227.74791
                97.20028                       227.70969
                97.30027                       227.67129
                97.40026                        227.6327
                97.50025                       227.59392
                97.60024                       227.55495
                97.70023                        227.5158
                97.80022                       227.47646
                97.90021                       227.43694
                 98.0002                       227.39723
                98.10019                       227.35735
                98.20018                       227.31728
                98.30017                       227.27703
                98.40016                       227.23661
                98.50015                       227.19601
                98.60014                       227.15523
                98.70013                       227.11428
                98.80012                       227.07316
                98.90011                       227.03186
                 99.0001                       226.99039
                99.10009                       226.94875
                99.20008                       226.90695
                99.30007                       226.86497
                99.40006                       226.82283
                99.50005                       226.78052
                99.60004                       226.73805
                99.70003                       226.69542
                99.80002                       226.65262
                99.90001                       226.60966
                     100                       226.56654

