0.100000 8934.435329 3592.058732 
0.149975 7615.605921 4208.603815 
0.199950 6500.252519 4424.467843 
0.249925 5606.960100 4418.940762 
0.299900 4900.231201 4313.073085 
0.349875 4334.934253 4155.234664 
0.399850 3884.426026 3976.485957 
0.449825 3522.100613 3792.740550 
0.499800 3227.853163 3619.989348 
0.549775 2986.625641 3457.923387 
0.599750 2783.305314 3310.367894 
0.649725 2610.755483 3175.296710 
0.699700 2458.783691 3051.069203 
0.749675 2328.354098 2934.384705 
0.799650 2217.193900 2827.639082 
0.849625 2117.211878 2728.794791 
0.899600 2031.858649 2637.622264 
0.949575 1954.636168 2556.340228 
0.999550 1884.421577 2479.524170 
1.049525 1821.170456 2410.789742 
1.099500 1763.083714 2346.801708 
1.149475 1708.127121 2287.826186 
1.199450 1658.325615 2231.357603 
1.249425 1611.100603 2178.685564 
1.299400 1567.968942 2128.125385 
1.349375 1528.530852 2081.487556 
1.399350 1491.790173 2035.715696 
1.449325 1458.402987 1994.384756 
1.499300 1426.298179 1955.166526 
1.549275 1397.249168 1918.687236 
1.599250 1367.959968 1883.978965 
1.649225 1340.598893 1851.271285 
1.699200 1315.097590 1820.292114 
1.749175 1290.209198 1791.421336 
1.799150 1265.793214 1762.653636 
1.849125 1242.215889 1736.078331 
1.899100 1220.367964 1710.405287 
1.949075 1198.311045 1684.692575 
1.999050 1178.263156 1660.047985 
2.049025 1159.724183 1636.608284 
2.098999 1141.374995 1613.533191 
2.148974 1123.834236 1592.206845 
2.198949 1106.767999 1571.146285 
2.248924 1090.843002 1551.135660 
2.298899 1075.854797 1532.883597 
2.348874 1060.602136 1514.782017 
2.398849 1046.102961 1497.456901 
2.448824 1031.445508 1479.915226 
2.498799 1018.033337 1464.171447 
2.548774 1004.394739 1448.156862 
2.598749 990.698136 1433.154400 
2.648724 977.843848 1417.892376 
2.698699 965.235310 1403.719864 
2.748674 952.566482 1388.350955 
2.798649 940.782247 1375.238609 
2.848624 929.663045 1360.916660 
2.898599 918.083919 1348.196714 
2.948574 907.337249 1335.401740 
2.998549 897.218592 1322.864842 
3.048524 887.459841 1310.297918 
3.098499 877.760629 1298.578292 
3.148474 867.837192 1286.934239 
3.198449 858.810427 1275.789532 
3.248424 850.434036 1265.558634 
3.298399 840.752669 1254.069362 
3.348374 832.313502 1244.197721 
3.398349 823.553097 1233.976140 
3.448324 815.143887 1224.816240 
3.498299 807.107615 1215.128317 
3.548274 799.200001 1206.274259 
3.598249 791.403199 1196.350045 
3.648224 783.423363 1188.250651 
3.698199 775.796934 1179.071045 
3.748174 768.138747 1170.334313 
3.798149 761.294494 1161.602366 
3.848124 754.327064 1152.757008 
3.898099 746.834827 1144.647156 
3.948074 740.456856 1136.986836 
3.998049 734.169901 1129.969827 
4.048024 726.850368 1121.183445 
4.097999 720.659124 1113.864854 
4.147974 715.053162 1105.912106 
4.197949 708.904160 1099.240843 
4.247924 702.558428 1091.386990 
4.297899 697.530864 1084.652353 
4.347874 690.771968 1078.098047 
4.397849 684.842729 1071.343056 
4.447824 679.949499 1064.732922 
4.497799 674.386046 1058.560679 
4.547774 669.192228 1052.330286 
4.597749 663.825875 1046.164147 
4.647724 658.509502 1040.296710 
4.697699 653.253512 1034.002759 
4.747674 647.862045 1028.300750 
4.797649 643.517943 1022.038620 
4.847624 638.172836 1016.822262 
4.897599 633.349229 1010.959476 
4.947574 628.528239 1005.729506 
4.997549 623.475381 1000.501771 
5.047524 618.852198 994.612280 
5.097499 614.553787 989.416052 
5.147474 609.690047 983.701147 
5.197449 605.481578 978.719248 
5.247424 601.062859 973.797410 
5.297399 597.177494 968.876175 
5.347374 593.085095 964.288138 
5.397349 588.525995 958.704972 
5.447324 584.347347 954.268323 
5.497299 580.410378 948.979177 
5.547274 576.380957 944.384669 
5.597249 572.535307 940.340094 
5.647224 568.626118 935.537361 
5.697199 564.740220 931.543776 
5.747174 561.174119 927.146697 
5.797149 557.493394 922.730463 
5.847124 554.068985 918.592967 
5.897099 549.713736 914.871764 
5.947074 546.668350 910.282829 
5.997049 542.705664 906.600969 
6.047024 539.521888 902.368161 
6.096998 535.960455 898.162005 
6.146973 532.646116 894.384970 
6.196948 528.603955 890.485204 
6.246923 525.512141 886.872187 
6.296898 522.213250 882.942764 
6.346873 519.171776 879.464851 
6.396848 515.003003 875.284908 
6.446823 512.075476 871.525145 
6.496798 509.373556 868.010858 
6.546773 505.865714 864.576844 
6.596748 503.014156 861.196546 
6.646723 499.800500 857.506762 
6.696698 496.617599 854.463258 
6.746673 493.600686 850.636972 
6.796648 490.811808 846.977965 
6.846623 488.308288 844.123226 
6.896598 485.085661 840.161023 
6.946573 482.144338 837.994460 
6.996548 479.309771 834.640911 
7.046523 476.776314 831.123729 
7.096498 473.940050 828.206278 
7.146473 470.870635 824.883845 
7.196448 468.768661 821.629205 
7.246423 466.268645 819.066118 
7.296398 463.668552 815.803786 
7.346373 460.584779 813.090056 
7.396348 457.863625 810.344736 
7.446323 455.851908 807.229506 
7.496298 452.814783 804.434652 
7.546273 450.807210 801.626508 
7.596248 447.604972 798.516293 
7.646223 445.387356 796.276699 
7.696198 442.948036 792.795305 
7.746173 440.673345 790.378059 
7.796148 437.782838 787.564469 
7.846123 436.118065 785.020907 
7.896098 433.455659 782.343051 
7.946073 431.105214 780.106615 
7.996048 428.409258 777.164831 
8.046023 426.692674 774.685774 
8.095998 424.363094 772.409507 
8.145973 422.301894 769.274115 
8.195948 419.496195 767.208757 
8.245923 417.709700 764.594960 
8.295898 415.557561 761.859086 
8.345873 413.294364 759.484089 
8.395848 410.887412 757.236263 
8.445823 408.952655 754.788329 
8.495798 406.564968 752.279757 
8.545773 404.625340 749.947717 
8.595748 402.978046 748.078750 
8.645723 401.008302 745.954796 
8.695698 398.398325 743.639032 
8.745673 396.581159 740.891597 
8.795648 395.004402 738.942104 
8.845623 392.584807 736.621881 
8.895598 390.590328 734.539777 
8.945573 388.437211 732.502824 
8.995548 386.992282 730.221535 
9.045523 384.977797 728.151546 
9.095498 382.916844 725.842491 
9.145473 381.236547 723.964290 
9.195448 379.032624 722.032374 
9.245423 377.321285 719.867523 
9.295398 375.209360 717.491455 
9.345373 373.719089 715.606252 
9.395348 371.560348 713.459560 
9.445323 369.827228 712.131198 
9.495298 367.774357 709.669181 
9.545273 366.290887 707.591935 
9.595248 364.821225 706.001174 
9.645223 362.911904 704.118821 
9.695198 361.203955 701.954436 
9.745173 359.608534 700.046946 
9.795148 357.807043 698.221652 
9.845123 355.963404 695.905859 
9.895098 354.324339 694.496622 
9.945073 353.016922 692.456115 
9.995048 350.680043 691.051571 
10.045023 349.423181 689.192842 
10.094997 348.020537 687.060067 
10.144972 345.960509 685.436071 
10.194947 344.724108 684.049434 
10.244922 343.023833 682.007160 
10.294897 341.362227 680.241168 
10.344872 339.404693 678.174221 
10.394847 338.345167 676.534673 
10.444822 336.403696 675.220073 
10.494797 335.123943 673.070433 
10.544772 332.870415 671.905290 
10.594747 332.043915 670.448426 
10.644722 330.278552 668.481962 
10.694697 328.911139 666.873019 
10.744672 327.608751 665.259692 
10.794647 325.638917 663.489779 
10.844622 324.512896 662.156193 
10.894597 322.429609 660.436217 
10.944572 321.418581 658.863094 
10.994547 319.798314 657.453610 
11.044522 318.389518 655.808756 
11.094497 317.068306 654.002232 
11.144472 316.022971 652.917356 
11.194447 314.351358 650.636579 
11.244422 312.879346 649.484040 
11.294397 311.616948 648.167874 
11.344372 310.395282 646.851783 
11.394347 308.985215 644.993664 
11.444322 307.329835 643.666153 
11.494297 306.064843 642.098933 
11.544272 304.776649 641.313400 
11.594247 303.393092 638.936648 
11.644222 301.814681 637.783802 
11.694197 300.866926 636.616735 
11.744172 299.566929 635.060837 
11.794147 298.520945 633.836965 
11.844122 296.800284 632.131182 
11.894097 295.304416 630.863670 
11.944072 294.062712 629.398732 
11.994047 293.115607 628.441741 
12.044022 291.917283 626.836680 
12.093997 290.344028 625.149454 
12.143972 288.882445 623.930308 
12.193947 287.753599 622.688755 
12.243922 286.160410 621.338335 
12.293897 285.573937 619.999729 
12.343872 283.867982 618.667021 
12.393847 282.951788 617.354406 
12.443822 281.450169 616.408919 
12.493797 280.628898 614.699354 
12.543772 279.139727 613.754040 
12.593747 277.915204 612.383846 
12.643722 276.891555 611.139735 
12.693697 275.430692 609.996967 
12.743672 274.240414 608.623428 
12.793647 273.138190 607.311718 
12.843622 272.013098 606.014027 
12.893597 270.650126 605.038462 
12.943572 269.953186 603.703863 
12.993547 268.868166 602.522946 
13.043522 267.856603 601.464776 
13.093497 266.728855 600.163969 
13.143472 265.062558 598.645986 
13.193447 264.247639 598.099573 
13.243422 262.909574 596.195661 
13.293397 262.008812 595.522116 
13.343372 260.758250 594.511646 
13.393347 259.653969 593.209968 
13.443322 258.682548 592.232175 
13.493297 257.402058 590.568377 
13.543272 256.488546 590.008634 
13.593247 256.160050 588.815673 
13.643222 254.281162 587.415518 
13.693197 253.448655 586.581971 
13.743172 252.135102 585.318699 
13.793147 251.253701 583.774566 
13.843122 250.086536 583.415577 
13.893097 249.150217 581.982060 
13.943072 248.382815 580.665192 
13.993047 246.890637 580.007030 
14.043022 245.893902 578.477985 
14.092996 244.903907 577.797392 
14.142971 244.520018 576.593718 
14.192946 243.103178 575.899865 
14.242921 242.455736 574.559980 
14.292896 241.005620 573.537255 
14.342871 240.059151 572.044781 
14.392846 239.229288 571.289315 
14.442821 237.855020 570.488492 
14.492796 236.936140 569.464090 
14.542771 236.267574 568.279566 
14.592746 235.228394 567.186348 
14.642721 234.021463 565.869108 
14.692696 233.555016 565.063357 
14.742671 232.803594 564.440750 
14.792646 231.429156 563.150783 
14.842621 230.416190 562.182486 
14.892596 229.592997 560.965591 
14.942571 228.911640 560.244848 
14.992546 227.888449 559.641651 
15.042521 226.481579 558.603120 
15.092496 225.567820 557.194779 
15.142471 224.795825 556.493123 
15.192446 223.662414 555.845217 
15.242421 222.887238 554.444030 
15.292396 222.503365 553.709040 
15.342371 221.166051 552.350312 
15.392346 220.530033 551.878757 
15.442321 219.294838 550.245490 
15.492296 218.561846 550.007541 
15.542271 217.619566 548.906845 
15.592246 216.626439 547.747652 
15.642221 215.318792 546.743562 
15.692196 214.990856 546.233685 
15.742171 214.133850 545.463655 
15.792146 213.230117 544.154370 
15.842121 212.314686 543.484648 
15.892096 211.481869 542.675050 
15.942071 210.409209 541.636591 
15.992046 209.663599 541.314743 
16.042021 209.042447 539.930977 
16.091996 207.860924 539.104647 
16.141971 207.434732 538.382294 
16.191946 206.653914 537.383793 
16.241921 205.507484 536.337311 
16.291896 204.668405 535.772570 
16.341871 203.949192 534.889581 
16.391846 203.048038 534.094048 
16.441821 202.315538 533.171952 
16.491796 201.740791 532.403532 
16.541771 200.109604 531.405244 
16.591746 200.061204 531.019244 
16.641721 199.274360 530.042971 
16.691696 197.885985 528.855943 
16.741671 197.293995 528.391918 
16.791646 196.408003 527.088696 
16.841621 195.630095 526.367503 
16.891596 195.023761 525.720874 
16.941571 194.594625 525.502629 
16.991546 193.771941 524.377165 
17.041521 192.494888 523.248031 
17.091496 191.743675 522.408661 
17.141471 190.793768 521.724635 
17.191446 190.192823 521.065932 
17.241421 189.120504 520.071029 
17.291396 188.585790 519.520631 
17.341371 188.144572 518.739590 
17.391346 187.056789 517.938151 
17.441321 186.504258 517.184339 
17.491296 185.220966 516.671281 
17.541271 185.125495 515.846027 
17.591246 184.064131 514.681236 
17.641221 183.332591 514.050037 
17.691196 182.679542 513.218017 
17.741171 181.615700 512.207969 
17.791146 180.402447 511.900608 
17.841121 180.255058 510.945217 
17.891096 179.547997 510.338398 
17.941071 178.470620 509.466291 
17.991046 177.825157 508.453482 
18.041021 177.477575 508.025539 
18.090995 176.653397 506.826644 
18.140970 175.919373 506.802122 
18.190945 174.901850 505.266411 
18.240920 174.287834 504.771987 
18.290895 173.950878 504.439431 
18.340870 172.733718 503.699837 
18.390845 172.365337 502.976894 
18.440820 171.918734 502.196445 
18.490795 170.603321 501.157288 
18.540770 169.606608 500.905613 
18.590745 169.642856 499.826073 
18.640720 168.946557 499.184197 
18.690695 168.042366 498.509307 
18.740670 167.145918 497.998413 
18.790645 166.553608 497.587221 
18.840620 165.692449 496.176511 
18.890595 165.121952 495.775201 
18.940570 164.850451 495.157853 
18.990545 163.744589 494.132824 
19.040520 163.471854 493.776296 
19.090495 162.492467 492.813926 
19.140470 162.142923 492.178458 
19.190445 161.161103 491.382988 
19.240420 160.900026 490.903337 
19.290395 159.921011 490.126677 
19.340370 159.372967 489.791969 
19.390345 158.795816 488.890870 
19.440320 158.027043 488.193892 
19.490295 156.946480 487.834632 
19.540270 156.473752 487.006278 
19.590245 156.054838 486.685418 
19.640220 155.681460 485.604764 
19.690195 154.616987 485.303271 
19.740170 154.228975 484.326820 
19.790145 153.682753 483.585323 
19.840120 152.762058 483.111948 
19.890095 152.240235 482.288814 
19.940070 150.971610 481.937453 
19.990045 150.880129 481.269887 
20.040020 149.932971 480.068572 
20.089995 149.554643 479.862287 
20.139970 147.986386 479.087471 
20.189945 148.019072 479.054531 
20.239920 147.434744 478.168142 
20.289895 146.759688 477.076439 
20.339870 146.429448 476.890583 
20.389845 145.773563 476.556452 
20.439820 144.770949 475.286469 
20.489795 144.318340 474.600342 
20.539770 144.000707 474.717618 
20.589745 143.190586 473.946420 
20.639720 142.857845 473.459195 
20.689695 141.845447 472.429543 
20.739670 141.330346 472.161869 
20.789645 140.687992 471.780851 
20.839620 139.978762 471.152228 
20.889595 139.745980 470.181899 
20.939570 139.074971 469.794366 
20.989545 138.625539 469.342231 
21.039520 137.495410 468.506494 
21.089495 136.896247 468.180993 
21.139470 136.451210 467.484593 
21.189445 135.888738 466.609028 
21.239420 135.361994 466.287133 
21.289395 134.805087 465.695349 
21.339370 134.059575 465.204106 
21.389345 133.472406 465.012002 
21.439320 132.554572 463.986200 
21.489295 132.315412 463.783726 
21.539270 132.001646 462.648810 
21.589245 131.364040 462.317869 
21.639220 130.361464 461.421604 
21.689195 129.799100 460.859841 
21.739170 129.372984 460.265184 
21.789145 128.403285 459.763054 
21.839120 128.563301 459.387651 
21.889095 127.532168 458.455035 
21.939070 127.211368 458.567534 
21.989045 126.327970 458.098579 
22.039020 125.864122 456.551314 
22.088994 125.212639 456.593245 
22.138969 124.494763 455.950721 
22.188944 124.213233 455.731332 
22.238919 123.307255 454.931642 
22.288894 122.805271 454.089514 
22.338869 122.273073 453.622714 
22.388844 121.846252 453.218925 
22.438819 121.099716 452.484725 
22.488794 120.903903 451.932476 
22.538769 119.983352 451.028935 
22.588744 119.845738 451.039355 
22.638719 118.888129 450.578338 
22.688694 118.267538 449.937638 
22.738669 117.639215 449.612385 
22.788644 117.688988 448.761122 
22.838619 117.007432 448.292426 
22.888594 116.610838 447.685581 
22.938569 115.753864 446.964586 
22.988544 115.143469 446.704715 
23.038519 114.288547 446.045227 
23.088494 113.834459 445.073896 
23.138469 113.863267 445.088416 
23.188444 113.186654 444.234515 
23.238419 112.281114 443.757026 
23.288394 112.408826 443.214565 
23.338369 111.494660 443.040602 
23.388344 110.986003 442.100162 
23.438319 110.294598 441.826404 
23.488294 109.943799 441.397651 
23.538269 109.541175 440.906248 
23.588244 108.856098 440.563136 
23.638219 107.935893 439.683029 
23.688194 107.477394 439.391221 
23.738169 107.085191 438.636531 
23.788144 106.660669 438.148877 
23.838119 106.145779 437.931649 
23.888094 105.585331 436.914719 
23.938069 104.886470 436.636711 
23.988044 104.427076 435.989465 
24.038019 104.310259 435.372285 
24.087994 103.613024 435.355836 
24.137969 103.214767 434.455720 
24.187944 103.010920 433.921946 
24.237919 102.001394 434.067620 
24.287894 101.817389 433.445919 
24.337869 100.922122 432.916887 
24.387844 100.241530 432.269165 
24.437819 99.692145 431.607801 
24.487794 99.590135 431.073765 
24.537769 99.038552 430.745748 
24.587744 98.399454 429.898399 
24.637719 98.326538 429.438558 
24.687694 97.264840 429.247109 
24.737669 97.413168 428.971519 
24.787644 96.290524 428.544946 
24.837619 96.303136 427.693488 
24.887594 95.352389 427.100437 
24.937569 94.974293 426.962627 
24.987544 94.670919 426.425565 
25.037519 94.691402 425.446480 
25.087494 94.662124 425.499656 
25.137469 93.747213 424.960782 
25.187444 93.198175 424.276942 
25.237419 92.613189 423.788201 
25.287394 92.774674 423.211942 
25.337369 91.664966 422.731759 
25.387344 90.891146 422.755183 
25.437319 90.985315 421.933399 
25.487294 90.449249 422.047854 
25.537269 89.981938 421.447738 
25.587244 89.535731 420.905137 
25.637219 88.679967 420.168580 
25.687194 88.964779 418.984223 
25.737169 87.647775 419.199325 
25.787144 86.800728 418.272152 
25.837119 87.154059 417.838415 
25.887094 86.510755 417.659650 
25.937069 86.334058 418.054714 
25.987044 85.865381 416.525049 
26.037019 85.684463 416.959706 
26.086993 84.916947 416.099674 
26.136968 84.653640 415.815915 
26.186943 84.226650 415.148004 
26.236918 83.578631 415.147551 
26.286893 82.791933 414.491535 
26.336868 82.965207 413.860660 
26.386843 81.712211 413.180728 
26.436818 82.030718 413.032161 
26.486793 81.285178 412.558914 
26.536768 80.812799 411.914946 
26.586743 80.817287 411.616028 
26.636718 80.204955 411.312977 
26.686693 79.173440 409.850011 
26.736668 79.065345 410.272173 
26.786643 78.804292 409.214616 
26.836618 78.162526 409.083056 
26.886593 77.511278 408.960641 
26.936568 76.787341 408.389305 
26.986543 76.390341 407.890951 
27.036518 76.228983 407.800675 
27.086493 75.632225 407.680133 
27.136468 75.007357 406.519592 
27.186443 74.829814 406.338884 
27.236418 74.564519 406.336578 
27.286393 73.679750 405.729420 
27.336368 73.618482 405.400913 
27.386343 73.857398 405.101883 
27.436318 72.864652 404.718244 
27.486293 72.388398 402.970916 
27.536268 72.065332 403.513988 
27.586243 71.428083 402.808072 
27.636218 70.981575 403.041454 
27.686193 70.860919 402.757429 
27.736168 69.702591 401.949523 
27.786143 69.234622 401.511968 
27.836118 69.202563 401.067258 
27.886093 68.892629 400.959730 
27.936068 68.476136 400.135402 
27.986043 67.856007 399.855968 
28.036018 67.290649 399.486143 
28.085993 67.050778 399.350645 
28.135968 66.647234 398.657207 
28.185943 66.175197 398.109798 
28.235918 65.658742 397.387705 
28.285893 65.255171 397.215178 
28.335868 64.589678 396.518106 
28.385843 64.303372 396.747072 
28.435818 64.267161 395.601744 
28.485793 63.732811 395.995703 
28.535768 62.871749 395.067538 
28.585743 62.429925 394.582846 
28.635718 62.570174 394.479791 
28.685693 62.075723 393.819744 
28.735668 62.088763 393.563002 
28.785643 60.924599 393.178430 
28.835618 61.142611 393.042197 
28.885593 59.851490 392.474964 
28.935568 59.718810 392.197664 
28.985543 59.578205 391.350873 
29.035518 59.432174 391.133228 
29.085493 58.974566 390.626987 
29.135468 58.803455 390.363638 
29.185443 58.371289 389.978682 
29.235418 57.485224 389.438298 
29.285393 57.388894 389.388145 
29.335368 56.673186 388.542769 
29.385343 56.347790 388.314544 
29.435318 55.472080 387.762309 
29.485293 55.954553 387.973873 
29.535268 55.568686 387.117642 
29.585243 54.586240 387.149962 
29.635218 54.593971 386.485784 
29.685193 54.015099 385.821410 
29.735168 53.780772 385.727438 
29.785143 52.558091 384.975976 
29.835118 53.017394 385.565574 
29.885093 52.685347 384.305241 
29.935068 51.703415 383.712178 
29.985043 52.017702 383.596925 
30.035018 51.114053 383.170212 
30.084992 50.155483 383.249702 
30.134967 50.473332 382.593458 
30.184942 49.947999 382.166724 
30.234917 49.641973 381.596941 
30.284892 49.281613 381.572486 
30.334867 49.103361 381.379442 
30.384842 48.111067 380.343713 
30.434817 47.939768 380.116848 
30.484792 48.052277 379.868902 
30.534767 47.463845 379.111687 
30.584742 47.271036 378.743155 
30.634717 46.979492 378.673619 
30.684692 46.733462 378.123509 
30.734667 45.997902 378.141383 
30.784642 45.234394 377.564353 
30.834617 45.368670 376.830092 
30.884592 45.203917 376.871169 
30.934567 44.686830 376.060757 
30.984542 43.926168 375.623772 
31.034517 43.369379 375.480650 
31.084492 43.323599 374.873773 
31.134467 43.025812 374.282853 
31.184442 42.506255 374.285557 
31.234417 42.063582 373.853396 
31.284392 41.570199 373.718965 
31.334367 41.297944 373.173733 
31.384342 41.445067 372.571974 
31.434317 41.037688 372.577736 
31.484292 40.592987 371.978735 
31.534267 40.064330 371.767735 
31.584242 39.462582 371.688549 
31.634217 39.523029 371.183421 
31.684192 38.660577 370.803044 
31.734167 38.427676 370.178264 
31.784142 38.187330 370.155014 
31.834117 37.661021 369.438767 
31.884092 37.888031 369.184516 
31.934067 36.961513 368.647150 
31.984042 36.522094 368.441918 
32.034017 36.242429 368.145123 
32.083992 36.072736 367.746550 
32.133967 35.521537 367.232350 
32.183942 35.288839 366.580802 
32.233917 35.092858 366.713552 
32.283892 34.193012 366.195265 
32.333867 33.962834 365.725235 
32.383842 33.621644 365.591413 
32.433817 33.651729 365.358973 
32.483792 33.238382 364.860525 
32.533767 32.733914 364.341494 
32.583742 32.651475 364.109554 
32.633717 31.823677 364.017538 
32.683692 31.639412 363.282724 
32.733667 31.612882 363.175284 
32.783642 30.791229 362.494084 
32.833617 30.493629 362.514913 
32.883592 30.131342 361.752534 
32.933567 30.056199 361.744690 
32.983542 29.586955 361.047723 
33.033517 29.432957 360.745428 
33.083492 28.961389 360.607551 
33.133467 28.439535 360.068176 
33.183442 28.220189 359.759494 
33.233417 27.829584 359.364337 
33.283392 27.728863 359.005427 
33.333367 27.525564 358.749915 
33.383342 27.044985 358.187958 
33.433317 26.194222 358.484899 
33.483292 26.094844 357.627383 
33.533267 25.980346 357.419526 
33.583242 25.834222 357.064593 
33.633217 25.355978 356.710327 
33.683192 24.966091 356.369804 
33.733167 24.598837 356.002323 
33.783142 24.121838 355.753210 
33.833117 24.228791 355.545777 
33.883092 23.658298 355.461538 
33.933067 23.228191 354.529481 
33.983042 22.840127 354.544103 
34.033017 22.437433 354.105235 
34.082991 22.346153 353.600735 
34.132966 21.949296 353.546240 
34.182941 21.626511 353.048941 
34.232916 21.196341 352.507103 
34.282891 20.658016 352.243418 
34.332866 20.750115 351.868119 
34.382841 20.480225 351.615912 
34.432816 20.023877 351.041250 
34.482791 19.526358 351.087568 
34.532766 19.128950 350.630597 
34.582741 19.010407 350.549038 
34.632716 18.908540 350.089339 
34.682691 18.279556 349.712763 
34.732666 17.919182 349.222150 
34.782641 17.623796 348.957220 
34.832616 16.846647 349.034974 
34.882591 16.866401 348.252285 
34.932566 16.763497 347.870610 
34.982541 16.209636 347.509506 
35.032516 15.991125 347.187735 
35.082491 15.549232 346.975888 
35.132466 15.578136 346.192627 
35.182441 15.128755 346.580538 
35.232416 15.037509 345.782287 
35.282391 14.567706 345.678235 
35.332366 14.486075 345.538778 
35.382341 13.782985 344.568883 
35.432316 13.312777 344.722092 
35.482291 13.582123 343.709430 
35.532266 12.829255 343.899142 
35.582241 12.430144 343.688628 
35.632216 12.334906 343.257676 
35.682191 11.533969 342.791865 
35.732166 11.821545 342.900422 
35.782141 10.983293 342.444585 
35.832116 10.676417 341.640079 
35.882091 11.234873 341.436861 
35.932066 10.443027 341.253468 
35.982041 10.098984 340.701468 
36.032016 9.857711 340.423403 
36.081991 9.360412 340.307227 
36.131966 9.370408 339.944809 
36.181941 8.937524 339.432847 
36.231916 8.493307 339.298946 
36.281891 8.127750 338.899089 
36.331866 8.053029 338.897587 
36.381841 7.450266 338.290713 
36.431816 7.338357 337.983097 
36.481791 7.198740 337.473540 
36.531766 7.092154 337.139403 
36.581741 6.432868 336.844356 
36.631716 6.123895 336.797646 
36.681691 5.898482 336.870938 
36.731666 5.314953 335.844541 
36.781641 5.248050 335.412191 
36.831616 5.010125 335.427093 
36.881591 4.481018 334.805738 
36.931566 4.491877 334.616214 
36.981541 3.755961 334.422948 
37.031516 3.565643 334.157034 
37.081491 3.263648 334.112018 
37.131466 3.144297 333.433681 
37.181441 2.920046 333.391346 
37.231416 2.956406 332.443400 
37.281391 2.121883 332.826494 
37.331366 1.818537 332.324355 
37.381341 1.501764 331.854582 
37.431316 1.106598 331.528029 
37.481291 0.803181 331.187002 
37.531266 0.667497 330.828993 
37.581241 0.451207 330.949151 
37.631216 -0.126413 330.478053 
37.681191 -0.265891 330.085966 
37.731166 -0.476947 329.792769 
37.781141 -1.195021 329.202378 
37.831116 -1.124578 329.018558 
37.881091 -1.422707 328.461983 
37.931066 -1.706715 328.115898 
37.981041 -2.454711 327.986531 
38.031016 -2.579089 327.866294 
38.080990 -2.418003 327.481474 
38.130965 -2.722492 327.137541 
38.180940 -3.345606 326.716745 
38.230915 -3.717350 326.362494 
38.280890 -4.062937 325.990260 
38.330865 -3.877882 325.705200 
38.380840 -4.098676 325.667998 
38.430815 -4.585451 325.109902 
38.480790 -4.995536 324.783528 
38.530765 -5.179774 324.281294 
38.580740 -5.533403 324.163398 
38.630715 -5.957423 323.865041 
38.680690 -5.921615 323.932845 
38.730665 -6.084938 323.268107 
38.780640 -6.473968 322.914927 
38.830615 -6.595507 322.420366 
38.880590 -6.983237 322.117164 
38.930565 -7.449280 321.878573 
38.980540 -7.659265 321.679982 
39.030515 -7.962811 321.277866 
39.080490 -8.227702 321.025225 
39.130465 -8.967116 320.583609 
39.180440 -8.923172 320.585255 
39.230415 -9.148984 319.969291 
39.280390 -9.420315 319.872575 
39.330365 -9.731425 319.517120 
39.380340 -9.677951 318.707086 
39.430315 -10.268932 318.923844 
39.480290 -10.319799 318.518612 
39.530265 -10.987279 318.263322 
39.580240 -10.948406 317.897702 
39.630215 -11.269174 317.704891 
39.680190 -11.238299 317.067343 
39.730165 -11.809338 316.850101 
39.780140 -12.226184 316.685544 
39.830115 -11.994327 316.083144 
39.880090 -12.622734 316.169828 
39.930065 -13.114069 315.432579 
39.980040 -13.370919 315.520892 
40.030015 -13.359571 315.064420 
40.079990 -13.708890 314.470481 
40.129965 -13.972601 314.835692 
40.179940 -14.726840 314.164494 
40.229915 -14.232220 313.768906 
40.279890 -14.884674 313.503571 
40.329865 -14.838233 313.304571 
40.379840 -15.040252 313.190560 
40.429815 -15.612108 312.682982 
40.479790 -15.674660 312.392438 
40.529765 -15.919763 312.121312 
40.579740 -16.338705 311.948507 
40.629715 -16.247134 311.477107 
40.679690 -16.288007 311.016856 
40.729665 -16.980163 310.578511 
40.779640 -17.302129 310.438872 
40.829615 -17.504462 310.201700 
40.879590 -17.699437 310.134592 
40.929565 -18.084910 309.911498 
40.979540 -18.417510 309.158311 
41.029515 -18.388529 309.121329 
41.079490 -18.926355 308.979143 
41.129465 -19.102295 308.608042 
41.179440 -19.262407 308.045835 
41.229415 -19.422711 307.984028 
41.279390 -19.450165 307.402720 
41.329365 -20.093111 307.124041 
41.379340 -20.222790 306.929817 
41.429315 -20.543409 307.017283 
41.479290 -20.554185 306.131723 
41.529265 -20.972885 306.136365 
41.579240 -21.239689 305.840488 
41.629215 -21.454482 305.499500 
41.679190 -21.913962 305.367008 
41.729165 -21.937276 304.834443 
41.779140 -22.013024 304.887239 
41.829115 -22.584978 304.071456 
41.879090 -22.726605 304.259235 
41.929065 -23.353469 303.662725 
41.979040 -22.925260 303.238176 
42.029015 -23.712216 303.063358 
42.078989 -23.566486 302.853271 
42.128964 -23.835177 302.521962 
42.178939 -24.056982 302.573066 
42.228914 -24.438123 302.110909 
42.278889 -24.676693 301.477600 
42.328864 -25.087042 301.184250 
42.378839 -25.119487 300.956292 
42.428814 -25.157433 300.607878 
42.478789 -25.674205 300.330906 
42.528764 -26.126285 300.184225 
42.578739 -26.212006 299.981250 
42.628714 -26.243206 299.674673 
42.678689 -26.788816 299.159472 
42.728664 -26.661550 298.612501 
42.778639 -27.157611 298.775605 
42.828614 -27.102013 298.453198 
42.878589 -27.539750 298.036435 
42.928564 -27.571181 297.917478 
42.978539 -27.897425 297.661272 
43.028514 -28.050850 297.018382 
43.078489 -28.516764 297.373810 
43.128464 -28.650860 296.765994 
43.178439 -28.863841 296.249481 
43.228414 -29.111098 295.680174 
43.278389 -29.334429 295.771577 
43.328364 -29.682404 295.595058 
43.378339 -29.594631 295.127396 
43.428314 -30.081320 294.911095 
43.478289 -30.217277 294.664107 
43.528264 -30.443993 294.310191 
43.578239 -30.811328 294.112387 
43.628214 -30.950206 293.493904 
43.678189 -31.402595 293.459283 
43.728164 -31.629262 293.207143 
43.778139 -31.441433 292.604802 
43.828114 -31.861238 292.571972 
43.878089 -31.881227 292.067468 
43.928064 -32.289702 291.950429 
43.978039 -32.743512 291.662022 
44.028014 -32.526500 291.426610 
44.077989 -32.791891 290.932953 
44.127964 -33.323667 290.907916 
44.177939 -33.507961 290.637004 
44.227914 -33.725019 290.173430 
44.277889 -34.114829 289.712637 
44.327864 -34.122035 289.736041 
44.377839 -34.428812 289.475126 
44.427814 -34.413994 288.927561 
44.477789 -34.961318 288.745646 
44.527764 -35.088965 288.552483 
44.577739 -35.238977 287.954664 
44.627714 -35.420828 287.950367 
44.677689 -35.839763 287.683722 
44.727664 -36.078005 287.445888 
44.777639 -36.082832 287.164553 
44.827614 -36.155749 286.722242 
44.877589 -36.695139 286.619433 
44.927564 -36.449438 286.273015 
44.977539 -37.075924 285.845015 
45.027514 -37.189628 285.537068 
45.077489 -37.387873 285.478542 
45.127464 -37.838199 285.168765 
45.177439 -37.803892 284.807258 
45.227414 -37.666094 284.599316 
45.277389 -38.216590 284.198771 
45.327364 -38.498023 283.918908 
45.377339 -38.742980 283.788620 
45.427314 -38.657174 283.344571 
45.477289 -38.771502 283.085730 
45.527264 -39.513273 282.692087 
45.577239 -39.697413 282.698207 
45.627214 -39.534308 282.299094 
45.677189 -39.842791 281.879140 
45.727164 -40.247028 281.682707 
45.777139 -40.391508 281.504363 
45.827114 -40.577099 280.940748 
45.877089 -40.592065 280.806516 
45.927064 -40.899969 280.928483 
45.977039 -41.212018 280.196368 
46.027014 -41.667302 280.129515 
46.076988 -41.655724 279.703768 
46.126963 -41.662109 279.736070 
46.176938 -41.996282 279.463804 
46.226913 -42.169105 278.980169 
46.276888 -42.442309 278.430766 
46.326863 -42.520476 278.400719 
46.376838 -42.641704 278.161155 
46.426813 -43.082744 277.621923 
46.476788 -43.243092 277.475846 
46.526763 -43.336315 277.216460 
46.576738 -43.771987 277.001128 
46.626713 -43.927371 276.487319 
46.676688 -43.800192 276.059567 
46.726663 -44.315171 276.170029 
46.776638 -44.302917 275.976865 
46.826613 -44.516879 275.610438 
46.876588 -44.760459 275.375225 
46.926563 -44.854206 275.006418 
46.976538 -45.038893 274.682835 
47.026513 -45.558212 274.231905 
47.076488 -45.592151 273.878104 
47.126463 -45.823843 273.704305 
47.176438 -46.063308 273.460551 
47.226413 -46.107784 273.397242 
47.276388 -46.270101 273.188940 
47.326363 -46.751053 272.783800 
47.376338 -46.743500 272.488500 
47.426313 -47.094065 272.269937 
47.476288 -47.160056 272.014568 
47.526263 -47.404580 271.693409 
47.576238 -47.482058 271.521035 
47.626213 -47.629658 271.121505 
47.676188 -47.817296 271.047869 
47.726163 -48.596241 270.629833 
47.776138 -48.500598 270.142698 
47.826113 -48.384893 270.090457 
47.876088 -48.585354 269.703782 
47.926063 -48.970058 269.631907 
47.976038 -49.115920 269.530286 
48.026013 -49.169346 269.149685 
48.075988 -49.434133 268.567154 
48.125963 -49.328608 268.357218 
48.175938 -49.843007 268.165015 
48.225913 -50.006319 267.722918 
48.275888 -49.982776 267.469766 
48.325863 -50.152983 267.197718 
48.375838 -50.718465 267.043872 
48.425813 -50.819413 266.962610 
48.475788 -50.952395 266.494110 
48.525763 -51.193946 266.151882 
48.575738 -51.448411 265.906331 
48.625713 -51.360019 265.763623 
48.675688 -51.541743 265.252885 
48.725663 -51.946163 264.974336 
48.775638 -52.102992 264.942842 
48.825613 -52.417964 264.574072 
48.875588 -52.415311 264.410295 
48.925563 -52.471606 264.237672 
48.975538 -52.360915 263.923432 
49.025513 -53.171956 263.624471 
49.075488 -53.342629 263.624265 
49.125463 -53.235093 262.950626 
49.175438 -53.561736 262.917054 
49.225413 -53.507710 262.561776 
49.275388 -53.715384 262.172173 
49.325363 -54.137094 262.146330 
49.375338 -54.139530 261.691601 
49.425313 -54.472782 261.773734 
49.475288 -54.387203 261.236557 
49.525263 -54.636567 260.851158 
49.575238 -54.843748 260.648005 
49.625213 -55.170181 260.508040 
49.675188 -55.486335 260.155572 
49.725163 -55.511073 260.076100 
49.775138 -55.448881 259.902905 
49.825113 -55.745989 259.326951 
49.875088 -55.906472 259.085263 
49.925063 -56.315752 258.640568 
49.975038 -56.413766 258.450965 
50.025013 -56.651372 258.246607 
50.074987 -56.999863 258.159811 
50.124962 -56.682370 257.634432 
50.174937 -56.784823 257.613623 
50.224912 -57.115251 257.506239 
50.274887 -57.610443 257.206459 
50.324862 -57.427480 256.757843 
50.374837 -57.602443 256.684572 
50.424812 -57.748555 256.334245 
50.474787 -58.112960 256.180166 
50.524762 -58.229302 255.905312 
50.574737 -58.250675 255.673482 
50.624712 -58.470181 255.233295 
50.674687 -58.513586 254.980973 
50.724662 -58.766493 254.654564 
50.774637 -58.934862 254.373128 
50.824612 -59.148652 254.181651 
50.874587 -59.497345 254.138662 
50.924562 -59.558687 253.749929 
50.974537 -59.648514 253.525627 
51.024512 -59.867003 253.294106 
51.074487 -60.004776 252.816092 
51.124462 -60.195103 252.938789 
51.174437 -60.410176 252.106448 
51.224412 -60.467708 252.231465 
51.274387 -60.807874 252.046701 
51.324362 -60.735686 251.749581 
51.374337 -61.090796 251.386453 
51.424312 -61.292162 251.135322 
51.474287 -61.316494 250.868783 
51.524262 -61.320213 250.477431 
51.574237 -61.601905 250.224794 
51.624212 -61.797896 249.981336 
51.674187 -62.172291 249.898620 
51.724162 -62.134792 249.662180 
51.774137 -62.330838 249.319200 
51.824112 -62.478884 248.827603 
51.874087 -62.625683 248.583033 
51.924062 -62.861254 248.577281 
51.974037 -62.905435 248.011111 
52.024012 -62.934100 248.152423 
52.073987 -63.346233 247.830345 
52.123962 -63.352683 247.576850 
52.173937 -63.518374 247.395685 
52.223912 -64.030460 247.035227 
52.273887 -63.829864 246.518410 
52.323862 -64.117690 246.358536 
52.373837 -63.804968 246.254743 
52.423812 -64.387708 245.942487 
52.473787 -64.568051 245.489214 
52.523762 -64.481077 245.403526 
52.573737 -64.640537 245.375407 
52.623712 -64.858091 245.105344 
52.673687 -65.226410 244.438458 
52.723662 -65.200187 244.424357 
52.773637 -65.479296 244.158491 
52.823612 -65.463069 243.843340 
52.873587 -65.678590 243.816677 
52.923562 -65.630191 243.325403 
52.973537 -65.741870 243.241761 
53.023512 -66.133985 243.088576 
53.073487 -66.363902 243.068325 
53.123462 -66.245271 242.543924 
53.173437 -66.644359 242.233634 
53.223412 -66.655071 241.975081 
53.273387 -66.982258 241.785719 
53.323362 -67.112822 241.565148 
53.373337 -67.277774 240.975600 
53.423312 -67.375332 241.139471 
53.473287 -67.616767 240.711035 
53.523262 -67.609355 240.604624 
53.573237 -67.682913 240.341267 
53.623212 -67.928270 239.918070 
53.673187 -68.062744 239.566184 
53.723162 -68.209853 239.570607 
53.773137 -68.185441 239.017620 
53.823112 -68.807622 239.061289 
53.873087 -68.881615 238.654536 
53.923062 -68.682491 238.548493 
53.973037 -68.955055 238.500716 
54.023012 -69.135555 238.233572 
54.072986 -69.258615 237.837403 
54.122961 -69.490733 237.491299 
54.172936 -69.686567 237.535193 
54.222911 -69.698509 237.105500 
54.272886 -69.816918 236.816714 
54.322861 -69.893282 236.362240 
54.372836 -70.374369 236.135817 
54.422811 -70.297913 236.228966 
54.472786 -70.415578 235.620489 
54.522761 -70.372076 235.601438 
54.572736 -70.943622 235.032314 
54.622711 -70.876189 234.890581 
54.672686 -70.924233 234.836193 
54.722661 -71.302565 234.613586 
54.772636 -71.193005 233.837425 
54.822611 -71.411671 234.073281 
54.872586 -71.634903 233.706701 
54.922561 -71.704573 233.395808 
54.972536 -71.583804 233.321086 
55.022511 -71.866883 232.887740 
55.072486 -72.111671 232.694261 
55.122461 -72.151812 232.450582 
55.172436 -72.430690 232.191058 
55.222411 -72.673294 231.928109 
55.272386 -72.560862 231.693051 
55.322361 -72.759573 231.501054 
55.372336 -72.861561 231.267804 
55.422311 -72.921498 231.045697 
55.472286 -72.973205 230.802244 
55.522261 -73.324027 230.551271 
55.572236 -73.585233 230.279260 
55.622211 -73.504566 229.988336 
55.672186 -73.644847 229.681386 
55.722161 -73.930586 229.905774 
55.772136 -74.093140 229.372062 
55.822111 -73.980807 228.865723 
55.872086 -74.335446 228.913282 
55.922061 -74.274027 228.644407 
55.972036 -74.400806 228.328966 
56.022011 -74.644783 228.262078 
56.071986 -74.814580 227.753784 
56.121961 -75.075826 227.505334 
56.171936 -75.134249 227.414905 
56.221911 -75.093299 227.056793 
56.271886 -75.255455 226.724507 
56.321861 -75.276270 226.612426 
56.371836 -75.710564 226.210312 
56.421811 -75.773348 225.995697 
56.471786 -75.978116 225.926865 
56.521761 -75.898304 225.596406 
56.571736 -75.985851 225.162787 
56.621711 -76.412649 224.891627 
56.671686 -76.157973 224.758418 
56.721661 -76.464801 224.510617 
56.771636 -76.286670 224.436012 
56.821611 -76.563626 223.691107 
56.871586 -76.688426 223.809993 
56.921561 -76.699301 223.629034 
56.971536 -76.931654 223.561958 
57.021511 -77.046106 223.041649 
57.071486 -77.078322 222.769500 
57.121461 -77.483843 222.571716 
57.171436 -77.318244 222.106385 
57.221411 -77.396087 221.776377 
57.271386 -77.849271 221.656866 
57.321361 -77.608450 221.457855 
57.371336 -77.803917 221.518462 
57.421311 -77.785871 221.032811 
57.471286 -78.064524 220.871317 
57.521261 -78.136926 220.756270 
57.571236 -78.581799 220.340965 
57.621211 -78.254956 220.054373 
57.671186 -78.477833 219.875909 
57.721161 -78.509860 219.871405 
57.771136 -78.600061 219.528355 
57.821111 -78.552951 219.244494 
57.871086 -78.871655 218.779912 
57.921061 -79.028572 218.934498 
57.971036 -78.895630 218.537724 
58.021011 -79.023941 218.511088 
58.070985 -79.213397 218.457855 
58.120960 -79.292078 217.997425 
58.170935 -79.671685 217.737005 
58.220910 -79.583873 217.604132 
58.270885 -79.909003 217.211456 
58.320860 -79.825119 217.020992 
58.370835 -80.133984 216.723496 
58.420810 -80.318108 216.536993 
58.470785 -80.219428 216.537726 
58.520760 -80.425663 215.939757 
58.570735 -80.483357 215.876258 
58.620710 -80.623818 215.486277 
58.670685 -80.998075 215.449775 
58.720660 -80.820293 214.974774 
58.770635 -80.906610 214.864393 
58.820610 -81.083212 214.639019 
58.870585 -81.270661 214.237529 
58.920560 -81.297973 214.243502 
58.970535 -81.408718 213.757785 
59.020510 -81.728004 213.399483 
59.070485 -81.636465 213.310910 
59.120460 -81.681815 213.075796 
59.170435 -81.663086 212.822208 
59.220410 -81.835026 212.676733 
59.270385 -81.963813 212.287488 
59.320360 -82.189896 212.162119 
59.370335 -82.178600 212.045974 
59.420310 -82.126119 211.687899 
59.470285 -82.261739 211.416021 
59.520260 -82.523892 210.922425 
59.570235 -82.517533 210.844429 
59.620210 -82.603895 210.825460 
59.670185 -82.849440 210.445944 
59.720160 -82.734470 210.267513 
59.770135 -82.846591 210.024001 
59.820110 -82.927669 209.937368 
59.870085 -82.747980 209.592792 
59.920060 -83.224761 209.220381 
59.970035 -83.162036 209.236590 
60.020010 -83.218196 208.723222 
60.069985 -83.206865 208.817052 
60.119960 -83.360628 208.408191 
60.169935 -83.428156 208.201849 
60.219910 -83.424163 208.059228 
60.269885 -83.740175 207.823410 
60.319860 -83.672460 207.600814 
60.369835 -83.740609 207.579807 
60.419810 -83.481833 206.937454 
60.469785 -83.876899 206.941252 
60.519760 -84.123589 206.605211 
60.569735 -84.037087 206.368292 
60.619710 -84.194439 206.540979 
60.669685 -84.257370 206.139502 
60.719660 -84.221082 206.134680 
60.769635 -84.389540 205.866057 
60.819610 -84.465235 205.438857 
60.869585 -84.522973 205.290811 
60.919560 -84.690909 205.065556 
60.969535 -84.875753 204.882725 
61.019510 -84.922871 204.669885 
61.069485 -84.891118 204.315390 
61.119460 -84.950313 204.513068 
61.169435 -85.222080 203.948252 
61.219410 -85.272145 203.724507 
61.269385 -85.155345 203.529465 
61.319360 -85.268676 203.223848 
61.369335 -85.611303 203.263060 
61.419310 -85.513236 203.140077 
61.469285 -85.787357 202.868481 
61.519260 -85.527860 202.557978 
61.569235 -85.530922 202.279662 
61.619210 -86.021587 201.962799 
61.669185 -86.163169 201.967313 
61.719160 -85.955832 201.571686 
61.769135 -86.119776 201.379571 
61.819110 -86.182134 201.068439 
61.869085 -86.330213 201.082900 
61.919060 -86.253451 200.864079 
61.969035 -86.406063 200.677467 
62.019010 -86.544012 200.387074 
62.068984 -86.619699 200.010933 
62.118959 -86.611839 199.925357 
62.168934 -86.759363 199.772488 
62.218909 -86.795397 199.439810 
62.268884 -86.717868 199.397438 
62.318859 -86.960839 199.107919 
62.368834 -87.186414 199.023332 
62.418809 -87.251118 198.694536 
62.468784 -87.195880 198.347607 
62.518759 -87.172359 198.138809 
62.568734 -87.374944 198.235219 
62.618709 -87.559979 197.659786 
62.668684 -87.346492 197.719141 
62.718659 -87.722416 197.207002 
62.768634 -87.740988 197.213862 
62.818609 -87.676380 197.116064 
62.868584 -87.866403 197.041244 
62.918559 -87.720348 196.711762 
62.968534 -88.046560 196.627365 
63.018509 -88.086340 196.074698 
63.068484 -88.074265 196.143729 
63.118459 -88.228262 195.751216 
63.168434 -88.072887 195.671655 
63.218409 -88.221438 195.361122 
63.268384 -88.549986 195.178607 
63.318359 -88.360353 195.128896 
63.368334 -88.455301 194.811527 
63.418309 -88.619956 194.621459 
63.468284 -88.722480 194.447226 
63.518259 -88.603377 194.146460 
63.568234 -88.870026 194.043167 
63.618209 -88.870775 193.761912 
63.668184 -88.967361 193.397731 
63.718159 -89.073933 193.363290 
63.768134 -88.941882 193.419041 
63.818109 -89.311884 193.023466 
63.868084 -89.017436 192.922959 
63.918059 -89.345892 192.764794 
63.968034 -89.484719 192.630500 
64.018009 -89.569804 192.459529 
64.067984 -89.449308 192.058968 
64.117959 -89.590049 191.698232 
64.167934 -89.702284 191.637461 
64.217909 -89.613579 191.371541 
64.267884 -89.804804 191.327838 
64.317859 -89.792897 190.881023 
64.367834 -90.048557 191.047564 
64.417809 -89.847303 190.557003 
64.467784 -90.047997 190.582171 
64.517759 -90.093091 190.133997 
64.567734 -90.122120 190.024473 
64.617709 -90.201700 189.783133 
64.667684 -90.449656 189.621048 
64.717659 -90.351616 189.470834 
64.767634 -90.418924 189.483631 
64.817609 -90.632216 189.269517 
64.867584 -90.497705 189.144457 
64.917559 -90.536582 188.910823 
64.967534 -90.589245 188.463580 
65.017509 -90.623423 188.614433 
65.067484 -90.659593 187.974258 
65.117459 -90.718750 187.870976 
65.167434 -90.903499 187.861520 
65.217409 -90.933361 187.657092 
65.267384 -90.942999 187.518417 
65.317359 -91.018673 187.055865 
65.367334 -91.018352 187.102795 
65.417309 -91.390764 187.008594 
65.467284 -91.256227 186.748952 
65.517259 -91.331785 186.558978 
65.567234 -91.261460 186.236240 
65.617209 -91.469893 186.240434 
65.667184 -91.462727 186.086282 
65.717159 -91.682913 185.706159 
65.767134 -91.568477 185.685144 
65.817109 -91.684312 185.545946 
65.867084 -91.787457 185.115314 
65.917059 -91.969576 184.854640 
65.967034 -91.875330 184.956734 
66.017009 -92.024674 184.568532 
66.066983 -92.124396 184.473326 
66.116958 -92.238831 184.302879 
66.166933 -92.248805 184.062848 
66.216908 -92.204169 184.028793 
66.266883 -92.169022 183.700339 
66.316858 -92.356016 183.812327 
66.366833 -92.353986 183.497425 
66.416808 -92.364986 183.293647 
66.466783 -92.404658 182.987066 
66.516758 -92.763231 182.726548 
66.566733 -92.873084 182.699107 
66.616708 -92.826423 182.485569 
66.666683 -92.824666 182.356973 
66.716658 -93.022704 182.305745 
66.766633 -93.083621 181.964155 
66.816608 -92.914013 181.745081 
66.866583 -93.047083 181.396363 
66.916558 -93.213964 181.426565 
66.966533 -93.303427 181.211210 
67.016508 -93.143751 180.853421 
67.066483 -93.392878 181.007157 
67.116458 -93.308023 180.682982 
67.166433 -93.324775 180.620474 
67.216408 -93.584373 180.361884 
67.266383 -93.856315 180.287769 
67.316358 -93.609607 179.895297 
67.366333 -93.896430 179.955126 
67.416308 -93.681325 179.804358 
67.466283 -93.901105 179.592953 
67.516258 -93.836416 179.320451 
67.566233 -93.921028 179.139531 
67.616208 -93.969404 178.911087 
67.666183 -94.073721 178.803720 
67.716158 -94.153937 178.557782 
67.766133 -94.351547 178.357152 
67.816108 -94.300542 178.430100 
67.866083 -94.335472 178.195262 
67.916058 -94.290626 177.849483 
67.966033 -94.495267 177.770298 
68.016008 -94.364616 177.246969 
68.065983 -94.595602 177.457753 
68.115958 -94.649712 177.316460 
68.165933 -94.647711 177.008177 
68.215908 -94.671218 176.738729 
68.265883 -94.851038 176.679004 
68.315858 -95.097556 176.487206 
68.365833 -94.901882 176.288034 
68.415808 -95.002125 176.138991 
68.465783 -95.159104 175.888883 
68.515758 -95.072345 175.587626 
68.565733 -95.216246 175.666670 
68.615708 -95.251463 175.498699 
68.665683 -95.367219 175.117803 
68.715658 -95.462062 175.061008 
68.765633 -95.379405 175.073418 
68.815608 -95.435169 174.740837 
68.865583 -95.576585 174.529496 
68.915558 -95.554301 174.340701 
68.965533 -95.562511 174.393135 
69.015508 -95.594539 174.137611 
69.065483 -95.685243 173.759341 
69.115458 -95.799791 173.598497 
69.165433 -95.996858 173.622784 
69.215408 -96.016377 173.311751 
69.265383 -96.178348 173.026040 
69.315358 -95.947311 173.023379 
69.365333 -96.113969 172.809748 
69.415308 -96.068347 172.639010 
69.465283 -96.305885 172.424702 
69.515258 -96.255681 172.297586 
69.565233 -96.196249 172.152910 
69.615208 -96.376414 172.003781 
69.665183 -96.495249 171.715093 
69.715158 -96.407187 171.486914 
69.765133 -96.438705 171.362494 
69.815108 -96.670142 171.190425 
69.865083 -96.462537 171.278139 
69.915058 -96.605201 171.028464 
69.965033 -96.775239 170.751980 
70.015008 -96.660229 170.556889 
70.064982 -96.751627 170.406641 
70.114957 -97.002256 169.988026 
70.164932 -96.744024 169.957811 
70.214907 -97.056427 169.761133 
70.264882 -96.878196 169.627917 
70.314857 -97.225224 169.270141 
70.364832 -97.339629 169.309784 
70.414807 -97.234402 169.175827 
70.464782 -97.157494 168.891453 
70.514757 -97.255692 168.793334 
70.564732 -97.366729 168.653161 
70.614707 -97.502405 168.603858 
70.664682 -97.317661 168.192250 
70.714657 -97.407795 168.102278 
70.764632 -97.398266 168.018305 
70.814607 -97.585526 167.782052 
70.864582 -97.610181 167.609876 
70.914557 -97.495618 167.478718 
70.964532 -97.612653 167.416196 
71.014507 -97.844119 166.856782 
71.064482 -97.556142 166.904375 
71.114457 -97.784007 166.648186 
71.164432 -97.785757 166.598987 
71.214407 -97.866224 166.353969 
71.264382 -97.912467 166.084956 
71.314357 -97.918061 165.905156 
71.364332 -98.046934 166.032948 
71.414307 -98.009221 165.587253 
71.464282 -97.999316 165.682830 
71.514257 -98.117888 165.353085 
71.564232 -98.138665 165.406805 
71.614207 -98.265541 165.012862 
71.664182 -98.370668 164.680557 
71.714157 -98.350647 164.608285 
71.764132 -98.430857 164.536510 
71.814107 -98.423812 164.483091 
71.864082 -98.354039 164.183584 
71.914057 -98.582154 164.204792 
71.964032 -98.543749 163.871894 
72.014007 -98.754620 163.957227 
72.063982 -98.575907 163.517715 
72.113957 -98.562527 163.173762 
72.163932 -98.813927 163.118279 
72.213907 -98.793012 163.241516 
72.263882 -98.755685 162.989498 
72.313857 -98.828972 162.846858 
72.363832 -98.953616 162.790351 
72.413807 -98.943848 162.505241 
72.463782 -98.947749 162.298664 
72.513757 -98.978132 162.069853 
72.563732 -99.256330 162.049385 
72.613707 -99.114562 161.812370 
72.663682 -99.086353 161.703845 
72.713657 -99.002791 161.352677 
72.763632 -99.263358 161.331108 
72.813607 -99.112388 161.147396 
72.863582 -99.179447 160.911765 
72.913557 -99.196929 160.944648 
72.963532 -99.243878 160.618419 
73.013507 -99.338843 160.610352 
73.063482 -99.260276 160.312681 
73.113457 -99.419191 160.141166 
73.163432 -99.458999 159.992595 
73.213407 -99.628039 159.889456 
73.263382 -99.463764 159.652133 
73.313357 -99.557573 159.560877 
73.363332 -99.629050 159.186298 
73.413307 -99.588771 159.111155 
73.463282 -99.625583 159.016553 
73.513257 -99.717953 159.007790 
73.563232 -99.803768 158.653379 
73.613207 -99.864514 158.344790 
73.663182 -99.745719 158.367521 
73.713157 -99.860225 158.164057 
73.763132 -99.935687 157.996286 
73.813107 -99.862228 157.972541 
73.863082 -99.890273 157.577851 
73.913057 -100.064384 157.463168 
73.963032 -99.981589 157.371077 
74.013007 -100.047904 157.252614 
74.062981 -100.033179 157.084764 
74.112956 -100.057166 156.851165 
74.162931 -100.155129 156.705750 
74.212906 -100.095361 156.712788 
74.262881 -100.126708 156.301310 
74.312856 -100.176351 156.243217 
74.362831 -100.385340 156.070361 
74.412806 -100.236655 156.134689 
74.462781 -100.240837 155.888756 
74.512756 -100.242546 155.524627 
74.562731 -100.509669 155.342453 
74.612706 -100.325938 155.298430 
74.662681 -100.331816 155.126272 
74.712656 -100.559322 154.964724 
74.762631 -100.250581 154.695457 
74.812606 -100.353646 154.609048 
74.862581 -100.466441 154.408276 
74.912556 -100.669519 154.230179 
74.962531 -100.422739 154.045052 
75.012506 -100.481142 153.954769 
75.062481 -100.673230 153.784842 
75.112456 -100.526092 153.616232 
75.162431 -100.537164 153.496221 
75.212406 -100.574802 153.133726 
75.262381 -100.737165 153.139284 
75.312356 -100.460369 153.070274 
75.362331 -100.590170 152.809344 
75.412306 -100.461833 152.622479 
75.462281 -100.645860 152.505629 
75.512256 -100.650284 152.389183 
75.562231 -100.566808 152.331096 
75.612206 -100.677212 152.160415 
75.662181 -100.614368 151.944143 
75.712156 -100.575406 151.755643 
75.762131 -100.533483 151.797710 
75.812106 -100.510851 151.400078 
75.862081 -100.641266 151.297215 
75.912056 -100.544755 151.392133 
75.962031 -100.586604 151.113784 
76.012006 -100.697991 150.898529 
76.061981 -100.638282 150.773642 
76.111956 -100.684616 150.734914 
76.161931 -100.743564 150.521644 
76.211906 -100.758470 150.575879 
76.261881 -100.552268 150.341022 
76.311856 -100.666816 150.091441 
76.361831 -100.721127 149.877627 
76.411806 -100.612478 149.912754 
76.461781 -100.592915 149.880016 
76.511756 -100.582964 149.587789 
76.561731 -100.598411 149.512312 
76.611706 -100.703635 149.361455 
76.661681 -100.848636 149.280965 
76.711656 -100.556203 149.147072 
76.761631 -100.815086 148.996781 
76.811606 -100.710330 148.841893 
76.861581 -100.742521 148.768472 
76.911556 -100.649960 148.566137 
76.961531 -100.834403 148.380474 
77.011506 -100.782944 148.412019 
77.061481 -100.791965 148.225773 
77.111456 -100.898093 148.120104 
77.161431 -100.796284 147.877887 
77.211406 -100.707453 147.810063 
77.261381 -100.915572 147.725728 
77.311356 -100.841355 147.815313 
77.361331 -100.973506 147.555658 
77.411306 -100.893641 147.300492 
77.461281 -100.895667 147.203775 
77.511256 -100.807512 147.154792 
77.561231 -100.902737 147.033796 
77.611206 -100.940201 146.978857 
77.661181 -100.956149 146.807486 
77.711156 -100.806066 146.717173 
77.761131 -100.909658 146.578545 
77.811106 -100.943990 146.391022 
77.861081 -100.925291 146.349042 
77.911056 -101.007423 146.177980 
77.961031 -101.013754 146.050596 
78.011006 -100.979627 145.947286 
78.060980 -101.002127 145.844781 
78.110955 -101.052576 145.610422 
78.160930 -101.024133 145.546160 
78.210905 -101.033616 145.474893 
78.260880 -101.129473 145.353604 
78.310855 -101.133087 145.351792 
78.360830 -100.982836 145.159783 
78.410805 -101.089742 145.013982 
78.460780 -101.127359 144.895710 
78.510755 -101.100129 144.712460 
78.560730 -101.184889 144.806543 
78.610705 -101.108620 144.440006 
78.660680 -101.365267 144.412649 
78.710655 -101.242723 144.310909 
78.760630 -101.200537 144.106275 
78.810605 -101.313717 143.902611 
78.860580 -101.335833 143.862065 
78.910555 -101.235278 143.714496 
78.960530 -101.268725 143.666419 
79.010505 -101.285110 143.593560 
79.060480 -101.309966 143.342527 
79.110455 -101.272878 143.237735 
79.160430 -101.275504 143.127613 
79.210405 -101.353447 142.926231 
79.260380 -101.336172 142.946350 
79.310355 -101.317484 142.826985 
79.360330 -101.311792 142.796182 
79.410305 -101.453654 142.584498 
79.460280 -101.397313 142.452650 
79.510255 -101.438082 142.379401 
79.560230 -101.512549 142.218089 
79.610205 -101.495062 142.153811 
79.660180 -101.497261 141.932521 
79.710155 -101.470765 141.715676 
79.760130 -101.500511 141.956289 
79.810105 -101.475286 141.581347 
79.860080 -101.554640 141.473490 
79.910055 -101.563798 141.494054 
79.960030 -101.513066 141.385443 
80.010005 -101.513211 141.172009 
80.059980 -101.685953 141.035485 
80.109955 -101.608381 140.944026 
80.159930 -101.571922 140.827586 
80.209905 -101.636090 140.814484 
80.259880 -101.561433 140.748761 
80.309855 -101.573078 140.507183 
80.359830 -101.514579 140.395125 
80.409805 -101.587314 140.231779 
80.459780 -101.659478 140.168175 
80.509755 -101.558659 140.073290 
80.559730 -101.621880 139.839999 
80.609705 -101.760111 139.771456 
80.659680 -101.598975 139.742262 
80.709655 -101.585750 139.614462 
80.759630 -101.632042 139.383584 
80.809605 -101.698222 139.287841 
80.859580 -101.763178 139.252329 
80.909555 -101.702719 139.138016 
80.959530 -101.702798 139.061347 
81.009505 -101.747543 138.722316 
81.059480 -101.714200 138.790731 
81.109455 -101.805809 138.692315 
81.159430 -101.723199 138.632665 
81.209405 -101.772297 138.451846 
81.259380 -101.843182 138.327664 
81.309355 -101.740213 138.266342 
81.359330 -101.699948 138.056822 
81.409305 -101.860940 137.951950 
81.459280 -101.906722 137.901846 
81.509255 -101.971353 137.767738 
81.559230 -101.824463 137.613847 
81.609205 -101.942222 137.521207 
81.659180 -101.765159 137.290870 
81.709155 -101.870911 137.282452 
81.759130 -101.820658 137.201578 
81.809105 -101.833421 137.119386 
81.859080 -101.884620 136.881730 
81.909055 -101.958417 136.905707 
81.959030 -101.933307 136.753789 
82.009005 -101.894194 136.521768 
82.058979 -101.903523 136.401243 
82.108954 -101.936870 136.352019 
82.158929 -101.706015 136.286182 
82.208904 -101.859086 136.011738 
82.258879 -101.843353 136.027387 
82.308854 -101.780461 135.772873 
82.358829 -101.730308 135.743357 
82.408804 -101.862627 135.679320 
82.458779 -101.894867 135.529667 
82.508754 -101.833847 135.527230 
82.558729 -101.828567 135.263454 
82.608704 -101.885274 135.054748 
82.658679 -101.794464 134.906449 
82.708654 -101.764471 134.908347 
82.758629 -101.861488 134.697602 
82.808604 -101.633478 134.607220 
82.858579 -101.760342 134.572293 
82.908554 -101.719791 134.408815 
82.958529 -101.829285 134.311530 
83.008504 -101.696305 134.144825 
83.058479 -101.677546 134.263788 
83.108454 -101.644456 133.979604 
83.158429 -101.631399 133.774879 
83.208404 -101.608594 133.613298 
83.258379 -101.593136 133.702286 
83.308354 -101.519194 133.569227 
83.358329 -101.492573 133.592774 
83.408304 -101.492321 133.375898 
83.458279 -101.460104 133.245235 
83.508254 -101.500138 133.109035 
83.558229 -101.474744 133.070166 
83.608204 -101.511322 132.916861 
83.658179 -101.361363 132.792693 
83.708154 -101.428237 132.615863 
83.758129 -101.366765 132.647273 
83.808104 -101.265225 132.393106 
83.858079 -101.330857 132.404648 
83.908054 -101.299304 132.398000 
83.958029 -101.208967 132.166873 
84.008004 -101.165318 132.220500 
84.057979 -101.091834 132.072166 
84.107954 -101.174612 131.845660 
84.157929 -101.129101 131.657132 
84.207904 -101.068438 131.634235 
84.257879 -101.063865 131.546160 
84.307854 -101.001447 131.399117 
84.357829 -100.892054 131.358104 
84.407804 -100.756184 131.324629 
84.457779 -100.852781 131.247311 
84.507754 -100.800546 131.158446 
84.557729 -100.711143 130.947688 
84.607704 -100.665518 130.836889 
84.657679 -100.606519 130.834064 
84.707654 -100.546005 130.694401 
84.757629 -100.490617 130.641604 
84.807604 -100.368617 130.494459 
84.857579 -100.467160 130.418772 
84.907554 -100.416633 130.396380 
84.957529 -100.186583 130.284842 
85.007504 -100.081220 130.238176 
85.057479 -100.155619 130.236051 
85.107454 -99.982301 130.090674 
85.157429 -100.055629 129.959323 
85.207404 -99.934196 129.966517 
85.257379 -99.956524 129.895475 
85.307354 -99.777834 129.799344 
85.357329 -99.688371 129.749681 
85.407304 -99.694650 129.669310 
85.457279 -99.664709 129.594937 
85.507254 -99.605269 129.536179 
85.557229 -99.603712 129.507541 
85.607204 -99.473801 129.432472 
85.657179 -99.412291 129.365961 
85.707154 -99.447115 129.236991 
85.757129 -99.353317 129.366167 
85.807104 -99.300022 129.361255 
85.857079 -99.203284 129.085851 
85.907054 -99.044849 129.162774 
85.957029 -99.014989 129.056295 
86.007004 -98.965319 129.011046 
86.056978 -98.938756 129.065890 
86.106953 -98.806867 128.941532 
86.156928 -98.736386 128.929943 
86.206903 -98.684128 128.834909 
86.256878 -98.711936 128.811139 
86.306853 -98.676374 128.776609 
86.356828 -98.633430 128.801613 
86.406803 -98.393870 128.718277 
86.456778 -98.327127 128.685092 
86.506753 -98.291745 128.689632 
86.556728 -98.291394 128.607879 
86.606703 -98.186698 128.665240 
86.656678 -98.070530 128.643235 
86.706653 -98.048336 128.562533 
86.756628 -97.964934 128.570524 
86.806603 -97.936002 128.504963 
86.856578 -97.817809 128.573142 
86.906553 -97.824526 128.590152 
86.956528 -97.632948 128.505102 
87.006503 -97.567507 128.433992 
87.056478 -97.716634 128.534270 
87.106453 -97.395656 128.488662 
87.156428 -97.362592 128.379888 
87.206403 -97.267140 128.557574 
87.256378 -97.168776 128.518132 
87.306353 -97.088540 128.557839 
87.356328 -97.043039 128.453760 
87.406303 -96.968826 128.552777 
87.456278 -96.788384 128.607199 
87.506253 -96.783594 128.644488 
87.556228 -96.714752 128.596956 
87.606203 -96.548442 128.737001 
87.656178 -96.558895 128.823680 
87.706153 -96.456219 128.922259 
87.756128 -96.341233 128.901910 
87.806103 -96.314292 128.983768 
87.856078 -96.211636 129.063853 
87.906053 -96.117394 129.316498 
87.956028 -96.092204 129.238348 
88.006003 -96.013673 129.322208 
88.055978 -96.036784 129.442021 
88.105953 -95.873346 129.447427 
88.155928 -96.002486 129.488087 
88.205903 -95.968665 129.679680 
88.255878 -95.970069 129.846373 
88.305853 -95.894866 129.892388 
88.355828 -95.847886 129.902725 
88.405803 -96.005500 130.076985 
88.455778 -95.823179 130.157163 
88.505753 -95.853052 130.151013 
88.555728 -95.852923 130.284704 
88.605703 -95.787045 130.344557 
88.655678 -96.002998 130.414024 
88.705653 -96.037237 130.496980 
88.755628 -96.001901 130.596861 
88.805603 -96.001481 130.763175 
88.855578 -95.949133 130.778133 
88.905553 -96.030802 130.889282 
88.955528 -96.041599 130.970333 
89.005503 -96.111144 131.045583 
89.055478 -96.256221 131.111877 
89.105453 -96.163058 131.259364 
89.155428 -96.129542 131.256947 
89.205403 -96.342098 131.406707 
89.255378 -96.292720 131.466798 
89.305353 -96.224432 131.379571 
89.355328 -96.365067 131.634420 
89.405303 -96.307919 131.626408 
89.455278 -96.578709 131.791720 
89.505253 -96.476249 131.758974 
89.555228 -96.574172 131.894090 
89.605203 -96.630964 132.036847 
89.655178 -96.515514 132.066401 
89.705153 -96.822567 132.114110 
89.755128 -96.779673 132.225862 
89.805103 -96.784598 132.332276 
89.855078 -96.897903 132.352169 
89.905053 -96.969927 132.394391 
89.955028 -97.119617 132.383393 
90.005003 -97.213994 132.601649 
90.054977 -97.288078 132.561623 
90.104952 -97.336272 132.733710 
90.154927 -97.450787 132.609859 
90.204902 -97.622646 132.678350 
90.254877 -97.702914 132.782720 
90.304852 -97.724506 132.649170 
90.354827 -97.768518 132.674391 
90.404802 -97.930655 132.887634 
90.454777 -97.966055 132.793105 
90.504752 -98.069964 132.735571 
90.554727 -98.162223 132.738623 
90.604702 -98.223404 132.699989 
90.654677 -98.232282 132.842505 
90.704652 -98.164359 132.755039 
90.754627 -98.247128 132.878276 
90.804602 -98.284378 132.777422 
90.854577 -98.326581 132.731460 
90.904552 -98.237520 132.610551 
90.954527 -98.276154 132.856241 
91.004502 -98.293714 132.704637 
91.054477 -98.224689 132.879591 
91.104452 -98.167916 132.809680 
91.154427 -98.228885 132.858032 
91.204402 -98.152965 132.858704 
91.254377 -98.222159 132.886932 
91.304352 -98.201542 132.877157 
91.354327 -98.138992 133.036163 
91.404302 -98.093689 133.041102 
91.454277 -98.057056 133.089600 
91.504252 -98.153006 133.162224 
91.554227 -98.017308 133.161388 
91.604202 -98.060257 133.484123 
91.654177 -97.948636 133.479682 
91.704152 -97.989359 133.584353 
91.754127 -97.959408 133.844730 
91.804102 -97.911998 133.818194 
91.854077 -97.995742 133.901506 
91.904052 -98.022577 133.986110 
91.954027 -97.894804 134.119012 
92.004002 -98.025181 134.248826 
92.053977 -97.878656 134.386468 
92.103952 -97.814649 134.544673 
92.153927 -97.946030 134.839457 
92.203902 -97.805218 134.870611 
92.253877 -97.878485 135.048574 
92.303852 -97.790333 135.185309 
92.353827 -97.775194 135.318603 
92.403802 -97.700238 135.599190 
92.453777 -97.754259 135.757529 
92.503752 -97.672808 136.072327 
92.553727 -97.799520 136.225081 
92.603702 -97.753494 136.545836 
92.653677 -97.708552 136.687026 
92.703652 -97.778587 137.103002 
92.753627 -97.759401 137.179348 
92.803602 -97.883272 137.570722 
92.853577 -98.027183 137.714765 
92.903552 -98.116385 138.181449 
92.953527 -98.263237 138.462469 
93.003502 -98.359621 138.512317 
93.053477 -98.500064 139.014331 
93.103452 -98.659645 139.325138 
93.153427 -98.721337 139.549144 
93.203402 -98.877448 139.767035 
93.253377 -99.180853 139.997430 
93.303352 -99.362631 140.294313 
93.353327 -99.488120 140.663100 
93.403302 -99.775643 140.903776 
93.453277 -99.930167 141.086459 
93.503252 -100.259088 141.245450 
93.553227 -100.427320 141.533388 
93.603202 -100.677925 141.653928 
93.653177 -101.081615 142.009629 
93.703152 -101.112542 142.139786 
93.753127 -101.393879 142.353306 
93.803102 -101.432736 142.561950 
93.853077 -101.684575 142.880495 
93.903052 -101.959678 143.108544 
93.953027 -102.215391 143.303729 
94.003002 -102.393417 143.557829 
94.052976 -102.689605 143.825473 
94.102951 -102.794859 143.994374 
94.152926 -103.069693 144.209047 
94.202901 -103.371542 144.325297 
94.252876 -103.481456 144.637800 
94.302851 -103.796103 144.822292 
94.352826 -103.957248 145.212035 
94.402801 -104.254704 145.377829 
94.452776 -104.482337 145.726293 
94.502751 -104.723716 146.078429 
94.552726 -104.945604 146.217992 
94.602701 -105.228385 146.622043 
94.652676 -105.558685 146.646155 
94.702651 -105.924771 147.131254 
94.752626 -106.209489 147.208672 
94.802601 -106.412201 147.678161 
94.852576 -106.974296 147.996750 
94.902551 -107.155976 148.233807 
94.952526 -107.589692 148.485742 
95.002501 -108.011560 148.675015 
95.052476 -108.361967 149.013204 
95.102451 -108.960236 149.260790 
95.152426 -109.190288 149.714039 
95.202401 -109.532186 149.932145 
95.252376 -109.995122 150.160255 
95.302351 -110.437516 150.625747 
95.352326 -111.016138 151.009066 
95.402301 -111.391833 151.335149 
95.452276 -111.781562 151.683775 
95.502251 -112.614387 151.826636 
95.552226 -113.031042 152.142785 
95.602201 -113.790172 152.573599 
95.652176 -114.213200 152.865772 
95.702151 -114.870510 153.124977 
95.752126 -115.425693 153.432227 
95.802101 -116.287854 153.750608 
95.852076 -117.072568 153.935089 
95.902051 -117.679791 154.215559 
95.952026 -118.468597 154.477531 
96.002001 -119.142941 154.652649 
96.051976 -119.709704 154.832861 
96.101951 -120.666300 154.995001 
96.151926 -121.542834 155.045376 
96.201901 -122.274354 155.283817 
96.251876 -123.282986 155.365487 
96.301851 -124.088529 155.438092 
96.351826 -124.949378 155.540883 
96.401801 -125.860317 155.475706 
96.451776 -126.952951 155.726151 
96.501751 -127.881593 155.492729 
96.551726 -128.574138 155.500161 
96.601701 -129.543214 155.477114 
96.651676 -130.631216 155.230709 
96.701651 -131.594386 155.313161 
96.751626 -132.766334 155.005912 
96.801601 -133.576202 154.697543 
96.851576 -134.670356 154.432501 
96.901551 -135.583248 154.258701 
96.951526 -136.698349 153.763206 
97.001501 -137.764058 153.209153 
97.051476 -138.523314 152.970391 
97.101451 -139.464000 152.359844 
97.151426 -140.301511 152.077341 
97.201401 -141.361919 151.312386 
97.251376 -142.301709 150.960851 
97.301351 -142.767568 150.196501 
97.351326 -143.947983 149.546197 
97.401301 -144.763621 148.859233 
97.451276 -145.505860 148.312076 
97.501251 -146.253159 147.559671 
97.551226 -147.016549 146.685848 
97.601201 -147.852121 146.086782 
97.651176 -148.555582 145.209490 
97.701151 -149.143700 144.506245 
97.751126 -149.897099 143.567213 
97.801101 -150.342021 142.726427 
97.851076 -150.978289 141.792051 
97.901051 -151.486839 140.922748 
97.951026 -152.003545 140.061667 
98.001001 -152.483177 139.299650 
98.050975 -152.797464 138.454587 
98.100950 -153.188694 137.629032 
98.150925 -153.553345 136.828202 
98.200900 -153.964610 135.798182 
98.250875 -154.294771 135.057059 
98.300850 -154.610876 134.188388 
98.350825 -154.816424 133.053244 
98.400800 -155.077062 132.320374 
98.450775 -155.244984 131.453450 
98.500750 -155.579667 130.589944 
98.550725 -155.516031 129.726709 
98.600700 -155.768186 128.875824 
98.650675 -155.813619 128.109262 
98.700650 -155.913093 127.161313 
98.750625 -155.788807 126.442602 
98.800600 -155.889267 125.613495 
98.850575 -155.987018 124.863491 
98.900550 -155.775023 124.090904 
98.950525 -155.769326 123.325408 
99.000500 -155.937867 122.646782 
99.050475 -155.722685 121.962185 
99.100450 -155.692914 121.279994 
99.150425 -155.546126 120.545562 
99.200400 -155.542337 119.884025 
99.250375 -155.385864 119.178338 
99.300350 -155.286619 118.545994 
99.350325 -155.111588 118.036644 
99.400300 -155.116400 117.261540 
99.450275 -154.945992 116.693648 
99.500250 -154.812327 116.281126 
99.550225 -154.718697 115.527978 
99.600200 -154.541162 115.015602 
99.650175 -154.363751 114.497391 
99.700150 -154.250406 114.083582 
99.750125 -154.014708 113.505944 
99.800100 -153.948880 113.024120 
99.850075 -153.782849 112.532052 
99.900050 -153.685557 112.209267 
99.950025 -153.539299 111.714711 
100.000000 -153.420404 111.187939 
