        Frequency / MHz                Z1,1/abs,linear
----------------------------------------------------------------------
                    0.01                       2.1275526
                 0.10999                       23.047455
                 0.20998                       36.048412
                 0.30997                       44.323596
                 0.40996                       50.172609
                 0.50995                       54.738152
                 0.60994                       58.698118
                 0.70993                       62.181986
                 0.80992                        65.33461
                 0.90991                       68.244964
                  1.0099                       70.971605
                 1.10989                       73.554745
                 1.20988                       76.082884
                 1.30987                       78.519883
                 1.40986                        80.88015
                 1.50985                       83.174202
                 1.60984                       85.409829
                 1.70983                       87.592902
                 1.80982                       89.727928
                 1.90981                       91.818453
                  2.0098                       93.867328
                 2.10979                       95.876903
                 2.20978                       97.849163
                 2.30977                       99.785818
                 2.40976                       101.68838
                 2.50975                       103.55818
                 2.60974                       105.39647
                 2.70973                       107.20436
                 2.80972                        108.9829
                 2.90971                       110.73308
                  3.0097                       112.45581
                 3.10969                       114.15198
                 3.20968                       115.82241
                 3.30967                        117.4679
                 3.40966                       119.08921
                 3.50965                       120.68707
                 3.60964                       122.26217
                 3.70963                       123.81518
                 3.80962                       125.34676
                 3.90961                       126.85751
                  4.0096                       128.34804
                 4.10959                       129.81892
                 4.20958                       131.29122
                 4.30957                       132.74542
                 4.40956                       134.18202
                 4.50955                       135.60152
                 4.60954                       137.00438
                 4.70953                       138.39107
                 4.80952                       139.76202
                 4.90951                       141.11766
                  5.0095                        142.4584
                 5.10949                       143.78464
                 5.20948                       145.09675
                 5.30947                       146.39512
                 5.40946                        147.6801
                 5.50945                       148.95203
                 5.60944                       150.21124
                 5.70943                       151.45807
                 5.80942                       152.69283
                 5.90941                       153.91581
                  6.0094                       155.12731
                 6.10939                       156.32761
                 6.20938                       157.51698
                 6.30937                       158.69569
                 6.40936                         159.864
                 6.50935                       161.02215
                 6.60934                       162.17038
                 6.70933                       163.30893
                 6.80932                       164.43801
                 6.90931                       165.55785
                  7.0093                       166.66866
                 7.10929                       167.77063
                 7.20928                       168.86396
                 7.30927                       169.94885
                 7.40926                       171.02548
                 7.50925                       172.09403
                 7.60924                       173.15466
                 7.70923                       174.20755
                 7.80922                       175.25287
                 7.90921                       176.29075
                  8.0092                       177.32137
                 8.10919                       178.34485
                 8.20918                       179.36135
                 8.30917                       180.37101
                 8.40916                       181.38024
                 8.50915                       182.38295
                 8.60914                       183.37927
                 8.70913                       184.36932
                 8.80912                        185.3532
                 8.90911                       186.33105
                  9.0091                       187.30295
                 9.10909                       188.26903
                 9.20908                       189.22937
                 9.30907                       190.18407
                 9.40906                       191.13324
                 9.50905                       192.07696
                 9.60904                       193.01532
                 9.70903                        193.9484
                 9.80902                       194.87629
                 9.90901                       195.79906
                  10.009                        196.7168
                10.10899                       197.62957
                10.20898                       198.53745
                10.30897                        199.4405
                10.40896                        200.3388
                10.50895                        201.2324
                10.60894                       202.12136
                10.70893                       203.00575
                10.80892                       203.88562
                10.90891                       204.76103
                 11.0089                       205.63202
                11.10889                       206.49864
                11.20888                       207.36095
                11.30887                       208.21899
                11.40886                       209.07281
                11.50885                       209.92244
                11.60884                       210.76792
                11.70883                        211.6093
                11.80882                        212.4466
                11.90881                       213.27987
                 12.0088                       214.10914
                12.10879                       214.93443
                12.20878                       215.75578
                12.30877                       216.57322
                12.40876                       217.38677
                12.50875                       218.19645
                12.60874                       219.00229
                12.70873                       219.80431
                12.80872                       220.60253
                12.90871                       221.39697
                 13.0087                       222.18765
                13.10869                       222.97458
                13.20868                       223.75778
                13.30867                       224.53726
                13.40866                       225.31304
                13.50865                       226.08511
                13.60864                        226.8535
                13.70863                       227.61822
                13.80862                       228.37926
                13.90861                       229.13664
                 14.0086                       229.89036
                14.10859                       230.64042
                14.20858                       231.38683
                14.30857                       232.12959
                14.40856                       232.86869
                14.50855                       233.60415
                14.60854                       234.33596
                14.70853                       235.06411
                14.80852                        235.7886
                14.90851                       236.50944
                 15.0085                        237.2266
                15.10849                        237.9401
                15.20848                       238.64991
                15.30847                       239.35604
                15.40846                       240.05847
                15.50845                        240.7572
                15.60844                       241.45222
                15.70843                       242.14351
                15.80842                       242.83106
                15.90841                       243.51486
                 16.0084                        244.1949
                16.10839                       244.87117
                16.20838                       245.54365
                16.30837                       246.21232
                16.40836                       246.87717
                16.50835                       247.53818
                16.60834                       248.19534
                16.70833                       248.84863
                16.80832                       249.49803
                16.90831                       250.14352
                 17.0083                       250.78509
                17.10829                       251.42271
                17.20828                       252.05636
                17.30827                       252.68602
                17.40826                       253.31168
                17.50825                       253.93331
                17.60824                       254.55088
                17.70823                       255.16439
                17.80822                       255.77379
                17.90821                       256.37908
                 18.0082                       256.98022
                18.10819                        257.5772
                18.20818                       258.16999
                18.30817                       258.75856
                18.40816                        259.3429
                18.50815                       259.92297
                18.60814                       260.49874
                18.70813                       261.07021
                18.80812                       261.63733
                18.90811                       262.20009
                 19.0081                       262.75846
                19.10809                       263.31241
                19.20808                       263.86191
                19.30807                       264.40694
                19.40806                       264.94748
                19.50805                       265.48349
                19.60804                       266.01495
                19.70803                       266.54184
                19.80802                       267.06412
                19.90801                       267.58177
                  20.008                       268.09476
                20.10799                       268.60307
                20.20798                       269.10666
                20.30797                       269.60552
                20.40796                       270.09962
                20.50795                       270.58893
                20.60794                       271.07341
                20.70793                       271.55306
                20.80792                       272.02783
                20.90791                       272.49771
                 21.0079                       272.96267
                21.10789                       273.42268
                21.20788                       273.87772
                21.30787                       274.32776
                21.40786                       274.77278
                21.50785                       275.21275
                21.60784                       275.64765
                21.70783                       276.07745
                21.80782                       276.50213
                21.90781                       276.92166
                 22.0078                       277.33603
                22.10779                       277.74521
                22.20778                       278.14918
                22.30777                       278.54791
                22.40776                       278.94138
                22.50775                       279.32957
                22.60774                       279.71247
                22.70773                       280.09004
                22.80772                       280.46228
                22.90771                       280.82915
                 23.0077                       281.19064
                23.10769                       281.54674
                23.20768                       281.89741
                23.30767                       282.24266
                23.40766                       282.58245
                23.50765                       282.91677
                23.60764                       283.24561
                23.70763                       283.56894
                23.80762                       283.88677
                23.90761                       284.19906
                 24.0076                        284.5058
                24.10759                       284.80699
                24.20758                       285.10261
                24.30757                       285.39264
                24.40756                       285.67708
                24.50755                       285.95592
                24.60754                       286.22914
                24.70753                       286.49674
                24.80752                        286.7587
                24.90751                       287.01502
                      25                       287.24709
                 25.0075                       287.26588
                25.10749                       287.51336
                25.20748                       287.75519
                25.30747                       287.99136
                25.40746                       288.22185
                25.50745                       288.44667
                25.60744                       288.66582
                25.70743                       288.87928
                25.80742                       289.08707
                25.90741                       289.28916
                 26.0074                       289.48558
                26.10739                       289.67631
                26.20738                       289.86136
                26.30737                       290.04072
                26.40736                       290.21441
                26.50735                       290.38242
                26.60734                       290.54475
                26.70733                       290.70142
                26.80732                       290.85243
                26.90731                       290.99778
                 27.0073                       291.13747
                27.10729                       291.27153
                27.20728                       291.39995
                27.30727                       291.52274
                27.40726                       291.63992
                27.50725                       291.75149
                27.60724                       291.85747
                27.70723                       291.95787
                27.80722                        292.0527
                27.90721                       292.14196
                 28.0072                       292.22569
                28.10719                       292.30389
                28.20718                       292.37658
                28.30717                       292.44377
                28.40716                       292.50548
                28.50715                       292.56174
                28.60714                       292.61254
                28.70713                       292.65793
                28.80712                       292.69791
                28.90711                       292.73251
                 29.0071                       292.76174
                29.10709                       292.78564
                29.20708                       292.80421
                29.30707                       292.81749
                29.40706                        292.8255
                29.50705                       292.82826
                29.60704                        292.8258
                29.70703                       292.81814
                29.80702                       292.80531
                29.90701                       292.78734
                  30.007                       292.76425
                30.10699                       292.73607
                30.20698                       292.70283
                30.30697                       292.66456
                30.40696                       292.62128
                30.50695                       292.57304
                30.60694                       292.51985
                30.70693                       292.46176
                30.80692                       292.39879
                30.90691                       292.33097
                 31.0069                       292.25834
                31.10689                       292.18093
                31.20688                       292.09877
                31.30687                        292.0119
                31.40686                       291.92036
                31.50685                       291.82417
                31.60684                       291.72337
                31.70683                         291.618
                31.80682                        291.5081
                31.90681                       291.39369
                 32.0068                       291.27483
                32.10679                       291.15154
                32.20678                       291.02386
                32.30677                       290.89184
                32.40676                        290.7555
                32.50675                       290.61489
                32.60674                       290.47005
                32.70673                       290.32101
                32.80672                       290.16782
                32.90671                       290.01051
                 33.0067                       289.84913
                33.10669                       289.68371
                33.20668                        289.5143
                33.30667                       289.34094
                33.40666                       289.16366
                33.50665                        288.9825
                33.60664                       288.79752
                33.70663                       288.60875
                33.80662                       288.41623
                33.90661                          288.22
                 34.0066                       288.02011
                34.10659                        287.8166
                34.20658                        287.6095
                34.30657                       287.39887
                34.40656                       287.18474
                34.50655                       286.96715
                34.60654                       286.74615
                34.70653                       286.52179
                34.80652                       286.29409
                34.90651                       286.06312
                 35.0065                        285.8289
                35.10649                       285.59148
                35.20648                        285.3509
                35.30647                       285.10721
                35.40646                       284.86044
                35.50645                       284.61065
                35.60644                       284.35787
                35.70643                       284.10214
                35.80642                       283.84352
                35.90641                       283.58203
                 36.0064                       283.31772
                36.10639                       283.05064
                36.20638                       282.78082
                36.30637                       282.50831
                36.40636                       282.23315
                36.50635                       281.95538
                36.60634                       281.67505
                36.70633                       281.39219
                36.80632                       281.10684
                36.90631                       280.81905
                 37.0063                       280.52886
                37.10629                       280.23631
                37.20628                       279.94144
                37.30627                       279.64429
                37.40626                       279.34489
                37.50625                        279.0433
                37.60624                       278.73955
                37.70623                       278.43368
                37.80622                       278.12573
                37.90621                       277.81573
                 38.0062                       277.50374
                38.10619                       277.18978
                38.20618                        276.8739
                38.30617                       276.55613
                38.40616                       276.23651
                38.50615                       275.91509
                38.60614                       275.59189
                38.70613                       275.26696
                38.80612                       274.94033
                38.90611                       274.61204
                 39.0061                       274.28212
                39.10609                       273.95062
                39.20608                       273.61757
                39.30607                       273.28301
                39.40606                       272.94696
                39.50605                       272.60947
                39.60604                       272.27057
                39.70603                        271.9303
                39.80602                       271.58869
                39.90601                       271.24577
                  40.006                       270.90158
                40.10599                       270.55616
                40.20598                       270.20953
                40.30597                       269.86172
                40.40596                       269.51278
                40.50595                       269.16273
                40.60594                       268.81161
                40.70593                       268.45945
                40.80592                       268.10628
                40.90591                       267.75212
                 41.0059                       267.39702
                41.10589                         267.041
                41.20588                       266.68409
                41.30587                       266.32633
                41.40586                       265.96774
                41.50585                       265.60835
                41.60584                       265.24819
                41.70583                       264.88729
                41.80582                       264.52567
                41.90581                       264.16338
                 42.0058                       263.80042
                42.10579                       263.43684
                42.20578                       263.07266
                42.30577                        262.7079
                42.40576                       262.34259
                42.50575                       261.97677
                42.60574                       261.61044
                42.70573                       261.24365
                42.80572                       260.87641
                42.90571                       260.50876
                 43.0057                        260.1407
                43.10569                       259.77228
                43.20568                       259.40351
                43.30567                       259.03442
                43.40566                       258.66503
                43.50565                       258.29536
                43.60564                       257.92544
                43.70563                       257.55529
                43.80562                       257.18493
                43.90561                       256.81438
                 44.0056                       256.44367
                44.10559                       256.07282
                44.20558                       255.70184
                44.30557                       255.33077
                44.40556                       254.95961
                44.50555                        254.5884
                44.60554                       254.21714
                44.70553                       253.84586
                44.80552                       253.47458
                44.90551                       253.10332
                 45.0055                        252.7321
                45.10549                       252.36093
                45.20548                       251.98983
                45.30547                       251.61882
                45.40546                       251.24793
                45.50545                       250.87716
                45.60544                       250.50654
                45.70543                       250.13607
                45.80542                       249.76578
                45.90541                       249.39569
                 46.0054                       249.02581
                46.10539                       248.65615
                46.20538                       248.28673
                46.30537                       247.91757
                46.40536                       247.54869
                46.50535                       247.18009
                46.60534                       246.81179
                46.70533                        246.4438
                46.80532                       246.07615
                46.90531                       245.70884
                 47.0053                       245.34189
                47.10529                       244.97531
                47.20528                       244.60911
                47.30527                       244.24331
                47.40526                       243.87792
                47.50525                       243.51295
                47.60524                       243.14841
                47.70523                       242.78432
                47.80522                       242.42069
                47.90521                       242.05753
                 48.0052                       241.69486
                48.10519                       241.33267
                48.20518                       240.97099
                48.30517                       240.60982
                48.40516                       240.24917
                48.50515                       239.88906
                48.60514                        239.5295
                48.70513                       239.17049
                48.80512                       238.81205
                48.90511                       238.45418
                 49.0051                       238.09689
                49.10509                        237.7402
                49.20508                        237.3841
                49.30507                       237.02862
                49.40506                       236.67376
                49.50505                       236.31953
                49.60504                       235.96593
                49.70503                       235.61297
                49.80502                       235.26067
                49.90501                       234.90903
                      50                       234.57558
                  50.005                       234.55807
                50.10499                       234.20817
                50.20498                       233.85896
                50.30497                       233.51043
                50.40496                        233.1626
                50.50495                       232.81546
                50.60494                       232.46904
                50.70493                       232.12332
                50.80492                       231.77833
                50.90491                       231.43407
                 51.0049                       231.09053
                51.10489                       230.74774
                51.20488                       230.40568
                51.30487                       230.06438
                51.40486                       229.72383
                51.50485                       229.38404
                51.60484                       229.04501
                51.70483                       228.70675
                51.80482                       228.36927
                51.90481                       228.03256
                 52.0048                       227.69664
                52.10479                        227.3615
                52.20478                       227.02716
                52.30477                       226.69361
                52.40476                       226.36087
                52.50475                       226.02892
                52.60474                       225.69779
                52.70473                       225.36746
                52.80472                       225.03795
                52.90471                       224.70926
                 53.0047                       224.38139
                53.10469                       224.05434
                53.20468                       223.72812
                53.30467                       223.40273
                53.40466                       223.07817
                53.50465                       222.75445
                53.60464                       222.43157
                53.70463                       222.10953
                53.80462                       221.78833
                53.90461                       221.46798
                 54.0046                       221.14848
                54.10459                       220.82982
                54.20458                       220.51202
                54.30457                       220.19507
                54.40456                       219.87898
                54.50455                       219.56375
                54.60454                       219.24937
                54.70453                       218.93585
                54.80452                        218.6232
                54.90451                       218.31141
                 55.0045                       218.00049
                55.10449                       217.69043
                55.20448                       217.38123
                55.30447                       217.07291
                55.40446                       216.76546
                55.50445                       216.45887
                55.60444                       216.15316
                55.70443                       215.84831
                55.80442                       215.54434
                55.90441                       215.24125
                 56.0044                       214.93902
                56.10439                       214.63767
                56.20438                       214.33719
                56.30437                       214.03759
                56.40436                       213.73886
                56.50435                       213.44101
                56.60434                       213.14403
                56.70433                       212.84792
                56.80432                       212.55269
                56.90431                       212.25834
                 57.0043                       211.96486
                57.10429                       211.67225
                57.20428                       211.38052
                57.30427                       211.08966
                57.40426                       210.79967
                57.50425                       210.51056
                57.60424                       210.22232
                57.70423                       209.93495
                57.80422                       209.64845
                57.90421                       209.36282
                 58.0042                       209.07807
                58.10419                       208.79418
                58.20418                       208.51115
                58.30417                         208.229
                58.40416                       207.94771
                58.50415                       207.66729
                58.60414                       207.38773
                58.70413                       207.10903
                58.80412                        206.8312
                58.90411                       206.55423
                 59.0041                       206.27811
                59.10409                       206.00286
                59.20408                       205.72846
                59.30407                       205.45492
                59.40406                       205.18223
                59.50405                        204.9104
                59.60404                       204.63941
                59.70403                       204.36928
                59.80402                           204.1
                59.90401                       203.83156
                  60.004                       203.56397
                60.10399                       203.29722
                60.20398                       203.03132
                60.30397                       202.76625
                60.40396                       202.50202
                60.50395                       202.23864
                60.60394                       201.97608
                60.70393                       201.71436
                60.80392                       201.45347
                60.90391                       201.19341
                 61.0039                       200.93418
                61.10389                       200.67577
                61.20388                       200.41819
                61.30387                       200.16143
                61.40386                       199.90549
                61.50385                       199.65037
                61.60384                       199.39606
                61.70383                       199.14256
                61.80382                       198.88988
                61.90381                       198.63801
                 62.0038                       198.38694
                62.10379                       198.13668
                62.20378                       197.88722
                62.30377                       197.63856
                62.40376                        197.3907
                62.50375                       197.14364
                62.60374                       196.89737
                62.70373                       196.65189
                62.80372                        196.4072
                62.90371                       196.16329
                 63.0037                       195.92017
                63.10369                       195.67784
                63.20368                       195.43628
                63.30367                       195.19549
                63.40366                       194.95548
                63.50365                       194.71625
                63.60364                       194.47778
                63.70363                       194.24008
                63.80362                       194.00314
                63.90361                       193.76697
                 64.0036                       193.53155
                64.10359                        193.2969
                64.20358                       193.06299
                64.30357                       192.82984
                64.40356                       192.59743
                64.50355                       192.36577
                64.60354                       192.13486
                64.70353                       191.90468
                64.80352                       191.67525
                64.90351                       191.44655
                 65.0035                       191.21858
                65.10349                       190.99134
                65.20348                       190.76483
                65.30347                       190.53904
                65.40346                       190.31398
                65.50345                       190.08964
                65.60344                       189.86601
                65.70343                       189.64309
                65.80342                       189.42089
                65.90341                       189.19939
                 66.0034                        188.9786
                66.10339                       188.75851
                66.20338                       188.53912
                66.30337                       188.32043
                66.40336                       188.10243
                66.50335                       187.88512
                66.60334                        187.6685
                66.70333                       187.45257
                66.80332                       187.23732
                66.90331                       187.02274
                 67.0033                       186.80885
                67.10329                       186.59563
                67.20328                       186.38308
                67.30327                        186.1712
                67.40326                       185.95998
                67.50325                       185.74942
                67.60324                       185.53953
                67.70323                       185.33029
                67.80322                        185.1217
                67.90321                       184.91377
                 68.0032                       184.70648
                68.10319                       184.49984
                68.20318                       184.29384
                68.30317                       184.08848
                68.40316                       183.88375
                68.50315                       183.67966
                68.60314                        183.4762
                68.70313                       183.27336
                68.80312                       183.07115
                68.90311                       182.86956
                 69.0031                       182.66859
                69.10309                       182.46823
                69.20308                       182.26849
                69.30307                       182.06935
                69.40306                       181.87082
                69.50305                        181.6729
                69.60304                       181.47557
                69.70303                       181.27884
                69.80302                       181.08271
                69.90301                       180.88717
                  70.003                       180.69221
                70.10299                       180.49785
                70.20298                       180.30406
                70.30297                       180.11085
                70.40296                       179.91823
                70.50295                       179.72617
                70.60294                       179.53468
                70.70293                       179.34377
                70.80292                       179.15341
                70.90291                       178.96362
                 71.0029                       178.77439
                71.10289                       178.58571
                71.20288                       178.39759
                71.30287                       178.21001
                71.40286                       178.02299
                71.50285                        177.8365
                71.60284                       177.65056
                71.70283                       177.46515
                71.80282                       177.28028
                71.90281                       177.09594
                 72.0028                       176.91213
                72.10279                       176.72885
                72.20278                       176.54609
                72.30277                       176.36385
                72.40276                       176.18212
                72.50275                       176.00091
                72.60274                       175.82021
                72.70273                       175.64002
                72.80272                       175.46034
                72.90271                       175.28115
                 73.0027                       175.10247
                73.10269                       174.92428
                73.20268                       174.74658
                73.30267                       174.56938
                73.40266                       174.39266
                73.50265                       174.21643
                73.60264                       174.04068
                73.70263                       173.86541
                73.80262                       173.69061
                73.90261                       173.51628
                 74.0026                       173.34243
                74.10259                       173.16904
                74.20258                       172.99612
                74.30257                       172.82365
                74.40256                       172.65165
                74.50255                        172.4801
                74.60254                         172.309
                74.70253                       172.13835
                74.80252                       171.96815
                74.90251                       171.79839
                 75.0025                       171.62908
                75.10249                        171.4602
                75.20248                       171.29175
                75.30247                       171.12383
                75.40246                       170.95635
                75.50245                       170.78928
                75.60244                       170.62264
                75.70243                       170.45642
                75.80242                       170.29062
                75.90241                       170.12523
                 76.0024                       169.96026
                76.10239                       169.79569
                76.20238                       169.63153
                76.30237                       169.46777
                76.40236                       169.30442
                76.50235                       169.14146
                76.60234                       168.97889
                76.70233                       168.81672
                76.80232                       168.65494
                76.90231                       168.49354
                 77.0023                       168.33252
                77.10229                       168.17189
                77.20228                       168.01164
                77.30227                       167.85175
                77.40226                       167.69225
                77.50225                       167.53311
                77.60224                       167.37433
                77.70223                       167.21593
                77.80222                       167.05788
                77.90221                       166.90019
                 78.0022                       166.74286
                78.10219                       166.58588
                78.20218                       166.42925
                78.30217                       166.27296
                78.40216                       166.11702
                78.50215                       165.96143
                78.60214                       165.80617
                78.70213                       165.65125
                78.80212                       165.49666
                78.90211                       165.34241
                 79.0021                       165.18848
                79.10209                       165.03488
                79.20208                        164.8816
                79.30207                       164.72864
                79.40206                         164.576
                79.50205                       164.42368
                79.60204                       164.27166
                79.70203                       164.11996
                79.80202                       163.96856
                79.90201                       163.81747
                  80.002                       163.66668
                80.10199                       163.51619
                80.20198                       163.36599
                80.30197                       163.21609
                80.40196                       163.06648
                80.50195                       162.91716
                80.60194                       162.76812
                80.70193                       162.61937
                80.80192                        162.4709
                80.90191                       162.32271
                 81.0019                       162.17479
                81.10189                       162.02714
                81.20188                       161.87977
                81.30187                       161.73267
                81.40186                       161.58582
                81.50185                       161.43925
                81.60184                       161.29293
                81.70183                       161.14687
                81.80182                       161.00107
                81.90181                       160.85552
                 82.0018                       160.71022
                82.10179                       160.56517
                82.20178                       160.42036
                82.30177                       160.27579
                82.40176                       160.13147
                82.50175                       159.98738
                82.60174                       159.84353
                82.70173                       159.69992
                82.80172                       159.55653
                82.90171                       159.41337
                 83.0017                       159.27044
                83.10169                       159.12773
                83.20168                       158.98524
                83.30167                       158.84297
                83.40166                       158.70092
                83.50165                       158.55908
                83.60164                       158.41745
                83.70163                       158.27603
                83.80162                       158.13482
                83.90161                       157.99381
                 84.0016                         157.853
                84.10159                        157.7124
                84.20158                       157.57199
                84.30157                       157.43177
                84.40156                       157.29175
                84.50155                       157.15192
                84.60154                       157.01227
                84.70153                       156.87281
                84.80152                       156.73354
                84.90151                       156.59445
                 85.0015                       156.45553
                85.10149                       156.31679
                85.20148                       156.17823
                85.30147                       156.03984
                85.40146                       155.90162
                85.50145                       155.76356
                85.60144                       155.62567
                85.70143                       155.48795
                85.80142                       155.35038
                85.90141                       155.21298
                 86.0014                       155.07573
                86.10139                       154.93864
                86.20138                        154.8017
                86.30137                       154.66491
                86.40136                       154.52826
                86.50135                       154.39177
                86.60134                       154.25541
                86.70133                        154.1192
                86.80132                       153.98313
                86.90131                        153.8472
                 87.0013                        153.7114
                87.10129                       153.57573
                87.20128                        153.4402
                87.30127                       153.30479
                87.40126                       153.16952
                87.50125                       153.03436
                87.60124                       152.89934
                87.70123                       152.76443
                87.80122                       152.62964
                87.90121                       152.49497
                 88.0012                       152.36041
                88.10119                       152.22597
                88.20118                       152.09164
                88.30117                       151.95742
                88.40116                        151.8233
                88.50115                       151.68929
                88.60114                       151.55538
                88.70113                       151.42158
                88.80112                       151.28787
                88.90111                       151.15427
                 89.0011                       151.02076
                89.10109                       150.88734
                89.20108                       150.75401
                89.30107                       150.62078
                89.40106                       150.48763
                89.50105                       150.35457
                89.60104                       150.22159
                89.70103                        150.0887
                89.80102                       149.95589
                89.90101                       149.82316
                  90.001                        149.6905
                90.10099                       149.55792
                90.20098                       149.42542
                90.30097                       149.29299
                90.40096                       149.16062
                90.50095                       149.02833
                90.60094                        148.8961
                90.70093                       148.76394
                90.80092                       148.63185
                90.90091                       148.49981
                 91.0009                       148.36783
                91.10089                       148.23592
                91.20088                       148.10406
                91.30087                       147.97225
                91.40086                        147.8405
                91.50085                       147.70881
                91.60084                       147.57716
                91.70083                       147.44556
                91.80082                       147.31401
                91.90081                        147.1825
                 92.0008                       147.05104
                92.10079                       146.91962
                92.20078                       146.78824
                92.30077                        146.6569
                92.40076                        146.5256
                92.50075                       146.39434
                92.60074                       146.26311
                92.70073                       146.13191
                92.80072                       146.00075
                92.90071                       145.86962
                 93.0007                       145.73851
                93.10069                       145.60744
                93.20068                       145.47639
                93.30067                       145.34536
                93.40066                       145.21436
                93.50065                       145.08338
                93.60064                       144.95243
                93.70063                       144.82149
                93.80062                       144.69057
                93.90061                       144.55966
                 94.0006                       144.42877
                94.10059                        144.2979
                94.20058                       144.16703
                94.30057                       144.03618
                94.40056                       143.90534
                94.50055                       143.77451
                94.60054                       143.64369
                94.70053                       143.51287
                94.80052                       143.38206
                94.90051                       143.25125
                 95.0005                       143.12044
                95.10049                       142.98964
                95.20048                       142.85883
                95.30047                       142.72803
                95.40046                       142.59722
                95.50045                       142.46641
                95.60044                        142.3356
                95.70043                       142.20478
                95.80042                       142.07395
                95.90041                       141.94312
                 96.0004                       141.81228
                96.10039                       141.68142
                96.20038                       141.55056
                96.30037                       141.41969
                96.40036                        141.2888
                96.50035                        141.1579
                96.60034                       141.02698
                96.70033                       140.89605
                96.80032                        140.7651
                96.90031                       140.63413
                 97.0003                       140.50315
                97.10029                       140.37214
                97.20028                       140.24111
                97.30027                       140.11007
                97.40026                         139.979
                97.50025                        139.8479
                97.60024                       139.71678
                97.70023                       139.58564
                97.80022                       139.45447
                97.90021                       139.32328
                 98.0002                       139.19205
                98.10019                        139.0608
                98.20018                       138.92952
                98.30017                       138.79821
                98.40016                       138.66686
                98.50015                       138.53549
                98.60014                       138.40408
                98.70013                       138.27264
                98.80012                       138.14117
                98.90011                       138.00966
                 99.0001                       137.87812
                99.10009                       137.74654
                99.20008                       137.61492
                99.30007                       137.48327
                99.40006                       137.35157
                99.50005                       137.21984
                99.60004                       137.08807
                99.70003                       136.95626
                99.80002                       136.82441
                99.90001                       136.69252
                     100                       136.56059

